request_id,span,slo,latency
123458,SayHello,10000,16410
264142,SayHello,10000,16292
272137,SayHello,10000,16339
449523,SayHello,10000,16332
593844,SayHello,10000,16425
721534,SayHello,10000,16220
740120,SayHello,10000,16205
1084810,SayHello,10000,16820
1115000,SayHello,10000,16353
1272239,SayHello,10000,16351
1334533,SayHello,10000,16417
1406737,SayHello,10000,16202
1484100,SayHello,10000,16197
1485201,SayHello,10000,16394
1569724,SayHello,10000,16392
1582162,SayHello,10000,16366
1655490,SayHello,10000,16349
1841664,SayHello,10000,16356
1927731,SayHello,10000,16470
1986336,SayHello,10000,16359
2068850,SayHello,10000,16351
2134971,SayHello,10000,16363
2142542,SayHello,10000,16391
2255753,SayHello,10000,16266
2393399,SayHello,10000,16407
2670857,SayHello,10000,16381
2697255,SayHello,10000,16246
2704914,SayHello,10000,16385
2753206,SayHello,10000,16365
2930014,SayHello,10000,16359
3189377,SayHello,10000,16430
3219650,SayHello,10000,16418
3304707,SayHello,10000,16334
3365132,SayHello,10000,16418
3522956,SayHello,10000,16385
3629634,SayHello,10000,16292
3797022,SayHello,10000,16357
4010582,SayHello,10000,16423
4026950,SayHello,10000,16338
4286902,SayHello,10000,16390
4307993,SayHello,10000,16328
4310608,SayHello,10000,16351
4789608,SayHello,10000,16357
4873363,SayHello,10000,16371
4924188,SayHello,10000,16269
4940289,SayHello,10000,16323
5000114,SayHello,10000,16231
5008715,SayHello,10000,16650
5013617,SayHello,10000,16383
5018893,SayHello,10000,16358
5022785,SayHello,10000,16318
5217643,SayHello,10000,16374
5255178,SayHello,10000,16594
5311616,SayHello,10000,16201
5354948,SayHello,10000,16399
5359617,SayHello,10000,16408
5417845,SayHello,10000,16204
5667375,SayHello,10000,16350
5709756,SayHello,10000,16329
5744522,SayHello,10000,16201
5765360,SayHello,10000,16374
5801259,SayHello,10000,16362
5885696,SayHello,10000,16489
5889945,SayHello,10000,16568
5920162,SayHello,10000,16342
6031162,SayHello,10000,16402
6048251,SayHello,10000,16364
6100888,SayHello,10000,16569
6108276,SayHello,10000,16319
6423564,SayHello,10000,16426
6573903,SayHello,10000,16335
6588110,SayHello,10000,16394
6595938,SayHello,10000,16347
6676482,SayHello,10000,16360
6717218,SayHello,10000,16396
6849125,SayHello,10000,16356
6867564,SayHello,10000,16396
6927704,SayHello,10000,16338
6975630,SayHello,10000,16270
7100439,SayHello,10000,16269
7119029,SayHello,10000,16247
7134627,SayHello,10000,16753
7156459,SayHello,10000,16283
7268138,SayHello,10000,16361
7472554,SayHello,10000,16399
7515640,SayHello,10000,16354
7674147,SayHello,10000,16346
7705798,SayHello,10000,16398
7729553,SayHello,10000,16333
7817638,SayHello,10000,16370
7923400,SayHello,10000,16229
7965405,SayHello,10000,16430
8002886,SayHello,10000,16354
8040169,SayHello,10000,16200
8090496,SayHello,10000,16227
8129250,SayHello,10000,16418
8137164,SayHello,10000,16538
8192400,SayHello,10000,16395
8196728,SayHello,10000,16423
8196861,SayHello,10000,16424
8212634,SayHello,10000,16276
8409702,SayHello,10000,16277
8456991,SayHello,10000,16421
8473615,SayHello,10000,16261
8535400,SayHello,10000,16231
8556115,SayHello,10000,16406
8604380,SayHello,10000,16230
8606871,SayHello,10000,16351
8698681,SayHello,10000,16387
8718021,SayHello,10000,16364
8878206,SayHello,10000,16335
8929734,SayHello,10000,16222
8982584,SayHello,10000,16311
9171547,SayHello,10000,16311
9279535,SayHello,10000,16201
9296928,SayHello,10000,16254
9317273,SayHello,10000,16388
9400389,SayHello,10000,16394
9592863,SayHello,10000,16360
9655517,SayHello,10000,16431
9686759,SayHello,10000,16416
9691147,SayHello,10000,16362
9714132,SayHello,10000,16353
9792301,SayHello,10000,16357
9816444,SayHello,10000,16396
10067485,SayHello,10000,16423
10086652,SayHello,10000,16232
10249369,SayHello,10000,16326
10693076,SayHello,10000,16568
10730268,SayHello,10000,16200
10751180,SayHello,10000,16304
10769226,SayHello,10000,16421
10788478,SayHello,10000,16305
10798830,SayHello,10000,16327
10823722,SayHello,10000,16612
10948266,SayHello,10000,16231
10952693,SayHello,10000,16227
11291418,SayHello,10000,16220
11394124,SayHello,10000,16392
11575551,SayHello,10000,16396
11823212,SayHello,10000,16359
11823750,SayHello,10000,16211
11888588,SayHello,10000,16418
11952078,SayHello,10000,16329
12008285,SayHello,10000,16416
12016202,SayHello,10000,16387
12018097,SayHello,10000,16439
12123866,SayHello,10000,16198
12129573,SayHello,10000,16336
12178654,SayHello,10000,16228
12191366,SayHello,10000,16334
12259175,SayHello,10000,16334
12297646,SayHello,10000,16368
12328175,SayHello,10000,16392
12429317,SayHello,10000,16232
12533642,SayHello,10000,16348
12684771,SayHello,10000,16444
12722813,SayHello,10000,16371
12775994,SayHello,10000,16201
12916901,SayHello,10000,16367
12924120,SayHello,10000,16626
12936615,SayHello,10000,16522
13441795,SayHello,10000,16235
13500913,SayHello,10000,16360
13506248,SayHello,10000,16354
13568980,SayHello,10000,16200
13646016,SayHello,10000,16387
13654936,SayHello,10000,16387
13699160,SayHello,10000,16218
13809459,SayHello,10000,16350
13810538,SayHello,10000,16276
13822404,SayHello,10000,16352
14006672,SayHello,10000,16364
14038838,SayHello,10000,16399
14410614,SayHello,10000,16340
14462846,SayHello,10000,16359
14641360,SayHello,10000,16355
14707927,SayHello,10000,16332
14766399,SayHello,10000,16272
14767992,SayHello,10000,16494
15012391,SayHello,10000,16352
15028326,SayHello,10000,16359
15034135,SayHello,10000,16347
15093174,SayHello,10000,16401
15139385,SayHello,10000,16803
15140070,SayHello,10000,16349
15341594,SayHello,10000,16614
15371267,SayHello,10000,16223
15527775,SayHello,10000,16356
15545336,SayHello,10000,16208
15642182,SayHello,10000,16227
15707385,SayHello,10000,16327
15779980,SayHello,10000,16354
16014137,SayHello,10000,16384
16128525,SayHello,10000,16610
16214346,SayHello,10000,16369
16278896,SayHello,10000,16350
17002642,SayHello,10000,16293
17066356,SayHello,10000,16355
17143720,SayHello,10000,16338
17290888,SayHello,10000,16308
17341268,SayHello,10000,16423
17343060,SayHello,10000,16262
17343524,SayHello,10000,16451
17414815,SayHello,10000,16325
17711881,SayHello,10000,16363
17744456,SayHello,10000,16363
17778677,SayHello,10000,16395
17822473,SayHello,10000,16567
18010830,SayHello,10000,16324
18022666,SayHello,10000,16451
18088598,SayHello,10000,16418
18093506,SayHello,10000,16376
18107205,SayHello,10000,16296
18317263,SayHello,10000,16427
18325282,SayHello,10000,16198
18431946,SayHello,10000,16353
18434371,SayHello,10000,16221
18439204,SayHello,10000,16371
18758447,SayHello,10000,16454
19019425,SayHello,10000,16389
19144328,SayHello,10000,16225
19168231,SayHello,10000,16344
19203271,SayHello,10000,16335
19229513,SayHello,10000,16215
19234995,SayHello,10000,16390
19418377,SayHello,10000,16393
19484564,SayHello,10000,16392
19535103,SayHello,10000,16351
19535872,SayHello,10000,16246
19539662,SayHello,10000,16330
19685412,SayHello,10000,16423
19726020,SayHello,10000,16427
19775034,SayHello,10000,16366
19915482,SayHello,10000,16417
20258389,SayHello,10000,16344
20278311,SayHello,10000,16331
20284825,SayHello,10000,16357
20495193,SayHello,10000,16334
20546673,SayHello,10000,16452
20584705,SayHello,10000,16228
20664044,SayHello,10000,16242
20897230,SayHello,10000,16222
20934285,SayHello,10000,16400
20950185,SayHello,10000,16534
21124125,SayHello,10000,16430
21155425,SayHello,10000,16268
21211021,SayHello,10000,16371
21706235,SayHello,10000,16360
21706551,SayHello,10000,16403
21711988,SayHello,10000,16455
21838521,SayHello,10000,16229
21895126,SayHello,10000,16337
21933200,SayHello,10000,16357
22002108,SayHello,10000,16344
22093424,SayHello,10000,16367
22106970,SayHello,10000,16342
22219764,SayHello,10000,16403
22281707,SayHello,10000,16279
22365022,SayHello,10000,16718
22416431,SayHello,10000,16332
22566263,SayHello,10000,16196
22587313,SayHello,10000,16205
22636182,SayHello,10000,16364
22675835,SayHello,10000,16368
22756047,SayHello,10000,16397
22927307,SayHello,10000,16367
22958259,SayHello,10000,16229
22967435,SayHello,10000,16340
23093738,SayHello,10000,16393
23097345,SayHello,10000,16344
23098091,SayHello,10000,16342
23110091,SayHello,10000,16382
23143715,SayHello,10000,16342
23156641,SayHello,10000,16226
23169187,SayHello,10000,16352
23204240,SayHello,10000,16279
23276627,SayHello,10000,16326
23283235,SayHello,10000,16199
23504640,SayHello,10000,16226
23515871,SayHello,10000,16384
23537345,SayHello,10000,16369
23547771,SayHello,10000,16345
23633482,SayHello,10000,16328
23649410,SayHello,10000,16403
23684774,SayHello,10000,16304
23697261,SayHello,10000,16346
23751667,SayHello,10000,16414
23824367,SayHello,10000,16394
23852115,SayHello,10000,16226
23881740,SayHello,10000,16323
23894473,SayHello,10000,16302
23966508,SayHello,10000,16434
24115466,SayHello,10000,16357
24196949,SayHello,10000,16353
24252158,SayHello,10000,16392
24274975,SayHello,10000,16395
24289927,SayHello,10000,16389
24315279,SayHello,10000,16351
24318581,SayHello,10000,16473
24328883,SayHello,10000,16439
24368087,SayHello,10000,16394
24369927,SayHello,10000,16334
24477910,SayHello,10000,16360
24593883,SayHello,10000,16416
24612859,SayHello,10000,16433
24740498,SayHello,10000,16371
24774571,SayHello,10000,16387
24821090,SayHello,10000,16219
24824063,SayHello,10000,16400
24826162,SayHello,10000,16442
25167864,SayHello,10000,16423
25201222,SayHello,10000,16333
25222116,SayHello,10000,16438
25264214,SayHello,10000,16225
25302041,SayHello,10000,16210
25377863,SayHello,10000,16205
25515909,SayHello,10000,16359
26149646,SayHello,10000,16213
26270673,SayHello,10000,16364
26506243,SayHello,10000,16349
26519250,SayHello,10000,16204
26595409,SayHello,10000,16325
26604161,SayHello,10000,16375
26638227,SayHello,10000,16360
26639024,SayHello,10000,16465
26680216,SayHello,10000,16462
26729776,SayHello,10000,16349
26763732,SayHello,10000,16341
26771771,SayHello,10000,16349
26827600,SayHello,10000,16359
26946339,SayHello,10000,16451
27096775,SayHello,10000,16400
27288986,SayHello,10000,16447
27361756,SayHello,10000,16349
27362264,SayHello,10000,16356
27366581,SayHello,10000,16315
27382060,SayHello,10000,16340
27643979,SayHello,10000,16385
27958029,SayHello,10000,16366
28000859,SayHello,10000,16375
28020974,SayHello,10000,16380
28030539,SayHello,10000,16298
28191127,SayHello,10000,16327
28239908,SayHello,10000,16348
28342763,SayHello,10000,16326
28403657,SayHello,10000,16414
28444728,SayHello,10000,16383
28506462,SayHello,10000,16332
28528770,SayHello,10000,16436
28739236,SayHello,10000,16366
28800200,SayHello,10000,16392
28833278,SayHello,10000,16309
28987709,SayHello,10000,16426
29018834,SayHello,10000,16473
29129227,SayHello,10000,16348
29145796,SayHello,10000,16220
29239487,SayHello,10000,16352
29250177,SayHello,10000,16211
29251274,SayHello,10000,16431
29323045,SayHello,10000,16352
29384065,SayHello,10000,16395
29418344,SayHello,10000,16348
29514994,SayHello,10000,16225
29527145,SayHello,10000,16424
29569239,SayHello,10000,16448
29612631,SayHello,10000,16350
29614396,SayHello,10000,16398
29731234,SayHello,10000,16213
29812431,SayHello,10000,16303
29830213,SayHello,10000,16347
29838745,SayHello,10000,16743
29871950,SayHello,10000,16426
29917141,SayHello,10000,16392
29928844,SayHello,10000,16418
30006534,SayHello,10000,16269
30086929,SayHello,10000,16201
30282444,SayHello,10000,16366
30284432,SayHello,10000,16391
30408610,SayHello,10000,16444
30416918,SayHello,10000,16395
30489065,SayHello,10000,16219
30512994,SayHello,10000,16325
30566389,SayHello,10000,16380
30728521,SayHello,10000,16226
30787784,SayHello,10000,16392
30849095,SayHello,10000,16367
30894643,SayHello,10000,16287
31083985,SayHello,10000,16364
31094832,SayHello,10000,16235
31127741,SayHello,10000,16398
31222088,SayHello,10000,16221
31303602,SayHello,10000,16471
31484459,SayHello,10000,16401
31492838,SayHello,10000,16426
31561828,SayHello,10000,16328
31691097,SayHello,10000,16364
31770038,SayHello,10000,16272
31945809,SayHello,10000,16384
31951793,SayHello,10000,16412
31959040,SayHello,10000,16317
31982835,SayHello,10000,16347
31994580,SayHello,10000,16321
32045870,SayHello,10000,16375
32047456,SayHello,10000,16253
32275000,SayHello,10000,16347
32288920,SayHello,10000,16395
32349832,SayHello,10000,16367
32562031,SayHello,10000,16338
32672836,SayHello,10000,16229
32800434,SayHello,10000,16394
32988508,SayHello,10000,16391
33055071,SayHello,10000,16401
33326800,SayHello,10000,16610
33391175,SayHello,10000,16283
33472834,SayHello,10000,16358
33564645,SayHello,10000,16396
33582839,SayHello,10000,16417
33601147,SayHello,10000,16213
33768286,SayHello,10000,16396
33820854,SayHello,10000,16448
33903100,SayHello,10000,16407
34019650,SayHello,10000,16340
34080198,SayHello,10000,16323
34095610,SayHello,10000,16377
34249881,SayHello,10000,16406
34337494,SayHello,10000,16426
34428663,SayHello,10000,16386
34496846,SayHello,10000,16426
34648767,SayHello,10000,16392
34749476,SayHello,10000,16316
34784146,SayHello,10000,16344
34829920,SayHello,10000,16331
35082918,SayHello,10000,16347
35116134,SayHello,10000,16351
35182198,SayHello,10000,16431
35214808,SayHello,10000,16347
35304180,SayHello,10000,16511
35366374,SayHello,10000,16390
35406298,SayHello,10000,16593
35506140,SayHello,10000,16429
35568011,SayHello,10000,16370
35570457,SayHello,10000,16226
35579031,SayHello,10000,16194
35720424,SayHello,10000,16303
35957509,SayHello,10000,16423
35968465,SayHello,10000,16261
36028261,SayHello,10000,16403
36093411,SayHello,10000,16405
36184534,SayHello,10000,16382
36445341,SayHello,10000,16239
36450928,SayHello,10000,16358
36637135,SayHello,10000,16629
36682719,SayHello,10000,16342
36895738,SayHello,10000,16355
36914300,SayHello,10000,16355
36931198,SayHello,10000,16332
37033860,SayHello,10000,16390
37078112,SayHello,10000,16397
37177362,SayHello,10000,16313
37220178,SayHello,10000,16350
37244238,SayHello,10000,16350
37285862,SayHello,10000,16413
37325431,SayHello,10000,16427
37375547,SayHello,10000,16344
37444030,SayHello,10000,16324
37444401,SayHello,10000,16326
37739426,SayHello,10000,16385
38482623,SayHello,10000,16350
38501638,SayHello,10000,16542
38524525,SayHello,10000,16300
38605144,SayHello,10000,16619
38759827,SayHello,10000,16414
38802848,SayHello,10000,16427
38952619,SayHello,10000,16342
38965918,SayHello,10000,16718
39009371,SayHello,10000,16421
39153226,SayHello,10000,16788
39487618,SayHello,10000,16322
39705671,SayHello,10000,16334
39805796,SayHello,10000,16390
39874772,SayHello,10000,16201
40001273,SayHello,10000,16425
40048423,SayHello,10000,16565
40091905,SayHello,10000,16347
40233434,SayHello,10000,16348
40258064,SayHello,10000,16347
40271760,SayHello,10000,16343
40315086,SayHello,10000,16354
40316421,SayHello,10000,16281
40325415,SayHello,10000,16208
40542483,SayHello,10000,16435
40718010,SayHello,10000,16379
40799360,SayHello,10000,16401
40815163,SayHello,10000,16408
40886849,SayHello,10000,16346
40949677,SayHello,10000,16329
40969351,SayHello,10000,16424
41093740,SayHello,10000,16495
41131758,SayHello,10000,16394
41261875,SayHello,10000,16341
41302386,SayHello,10000,16392
41357775,SayHello,10000,16392
41423785,SayHello,10000,16374
41453042,SayHello,10000,16328
41582308,SayHello,10000,16342
41642952,SayHello,10000,16350
41703877,SayHello,10000,16198
41772602,SayHello,10000,16225
41842302,SayHello,10000,16396
41844388,SayHello,10000,16450
41877923,SayHello,10000,16355
41907514,SayHello,10000,16396
41975582,SayHello,10000,16400
42016624,SayHello,10000,16387
42021630,SayHello,10000,16430
42169155,SayHello,10000,16357
42222086,SayHello,10000,16360
42225737,SayHello,10000,16346
42334712,SayHello,10000,16384
42337817,SayHello,10000,16368
42399236,SayHello,10000,16356
42415197,SayHello,10000,16338
42436595,SayHello,10000,16399
42534495,SayHello,10000,16384
42647255,SayHello,10000,16388
42838615,SayHello,10000,16416
43038943,SayHello,10000,16349
43075364,SayHello,10000,16284
43174623,SayHello,10000,16348
43254125,SayHello,10000,16391
43279584,SayHello,10000,16358
43329680,SayHello,10000,16380
43470022,SayHello,10000,16368
43645421,SayHello,10000,16331
43711874,SayHello,10000,16219
43725939,SayHello,10000,16396
43784109,SayHello,10000,16343
43789299,SayHello,10000,16250
43953789,SayHello,10000,16374
44114726,SayHello,10000,16213
44273401,SayHello,10000,16390
44286371,SayHello,10000,16332
44474530,SayHello,10000,16349
44602268,SayHello,10000,16292
44711075,SayHello,10000,16274
44776216,SayHello,10000,16342
44888480,SayHello,10000,16372
44893041,SayHello,10000,16359
44922947,SayHello,10000,16302
44955002,SayHello,10000,16312
44967298,SayHello,10000,16324
44996916,SayHello,10000,16339
45035170,SayHello,10000,16342
45097070,SayHello,10000,16347
45214203,SayHello,10000,16357
45320329,SayHello,10000,16333
45322433,SayHello,10000,16348
45330790,SayHello,10000,16198
45538353,SayHello,10000,16921
45596347,SayHello,10000,16389
45680457,SayHello,10000,16373
45774257,SayHello,10000,16326
45855663,SayHello,10000,16359
45955609,SayHello,10000,16338
45961251,SayHello,10000,16439
46175085,SayHello,10000,16339
46201348,SayHello,10000,16398
46225285,SayHello,10000,16359
46345985,SayHello,10000,16227
46505475,SayHello,10000,16445
46626979,SayHello,10000,16379
46770387,SayHello,10000,16200
46827607,SayHello,10000,16358
46899100,SayHello,10000,16410
47012418,SayHello,10000,16676
47105050,SayHello,10000,16209
47195274,SayHello,10000,16273
47315499,SayHello,10000,16318
47359246,SayHello,10000,16356
47442199,SayHello,10000,16400
47497164,SayHello,10000,16214
47558157,SayHello,10000,16426
47595150,SayHello,10000,16334
47878494,SayHello,10000,16338
47889244,SayHello,10000,16359
47891690,SayHello,10000,16336
47959223,SayHello,10000,16279
48100083,SayHello,10000,16356
48121680,SayHello,10000,16421
48193898,SayHello,10000,16275
48223668,SayHello,10000,16454
48299534,SayHello,10000,16331
48303627,SayHello,10000,16355
48376695,SayHello,10000,16361
48438367,SayHello,10000,16391
48508294,SayHello,10000,16353
48555679,SayHello,10000,16443
48662130,SayHello,10000,16352
48667833,SayHello,10000,16388
48869138,SayHello,10000,16392
48918510,SayHello,10000,16212
48960777,SayHello,10000,16416
49028875,SayHello,10000,16535
49030581,SayHello,10000,16574
49067129,SayHello,10000,16408
49080992,SayHello,10000,16416
49124865,SayHello,10000,16331
49140215,SayHello,10000,16376
49169787,SayHello,10000,16353
49215085,SayHello,10000,16379
49238027,SayHello,10000,16225
49280159,SayHello,10000,16223
49355400,SayHello,10000,16401
49536081,SayHello,10000,16374
49677361,SayHello,10000,16200
49815973,SayHello,10000,16426
49829846,SayHello,10000,16326
49865173,SayHello,10000,16220
49955555,SayHello,10000,16393
50156732,SayHello,10000,16397
50344837,SayHello,10000,16398
50399235,SayHello,10000,16412
50414191,SayHello,10000,16449
50423100,SayHello,10000,16525
50450367,SayHello,10000,16428
50496460,SayHello,10000,16332
50531171,SayHello,10000,16404
50700194,SayHello,10000,16341
50798426,SayHello,10000,16331
51047330,SayHello,10000,16392
51136788,SayHello,10000,16226
51250593,SayHello,10000,16372
51256988,SayHello,10000,16426
51372125,SayHello,10000,16360
51567548,SayHello,10000,16307
51597756,SayHello,10000,16385
51745354,SayHello,10000,16410
52109327,SayHello,10000,16366
52175880,SayHello,10000,16353
52243214,SayHello,10000,16356
52384158,SayHello,10000,16373
52405644,SayHello,10000,16393
52419281,SayHello,10000,16351
52432728,SayHello,10000,16211
52460380,SayHello,10000,16337
52526261,SayHello,10000,16332
52582241,SayHello,10000,16427
52884615,SayHello,10000,16392
53104727,SayHello,10000,16231
53183051,SayHello,10000,16433
53314028,SayHello,10000,16420
53356192,SayHello,10000,16540
53674207,SayHello,10000,16403
53733705,SayHello,10000,16327
53923178,SayHello,10000,16387
53940808,SayHello,10000,16333
53993114,SayHello,10000,16370
54066194,SayHello,10000,16413
54097767,SayHello,10000,16231
54154073,SayHello,10000,16394
54175431,SayHello,10000,16428
54186411,SayHello,10000,16203
54193290,SayHello,10000,16321
54214054,SayHello,10000,16597
54230473,SayHello,10000,16472
54244001,SayHello,10000,16357
54445926,SayHello,10000,16425
54463693,SayHello,10000,16217
54617259,SayHello,10000,16355
54726359,SayHello,10000,16228
54854282,SayHello,10000,16376
55069623,SayHello,10000,16368
55072227,SayHello,10000,16390
55113110,SayHello,10000,16397
55139615,SayHello,10000,16393
55149038,SayHello,10000,16261
55204456,SayHello,10000,16333
55393778,SayHello,10000,16392
55470420,SayHello,10000,16292
55476207,SayHello,10000,16371
55555234,SayHello,10000,16416
55580021,SayHello,10000,16355
55750964,SayHello,10000,16456
55966338,SayHello,10000,16445
55996944,SayHello,10000,16373
56107202,SayHello,10000,16255
56180535,SayHello,10000,16353
56252458,SayHello,10000,16341
56271683,SayHello,10000,16398
56514356,SayHello,10000,16375
56545239,SayHello,10000,16624
56623263,SayHello,10000,16361
56648179,SayHello,10000,16388
56675382,SayHello,10000,16336
56790010,SayHello,10000,16223
56937638,SayHello,10000,16303
56945858,SayHello,10000,16223
56948387,SayHello,10000,16425
57187566,SayHello,10000,16336
57250062,SayHello,10000,16270
57367303,SayHello,10000,16416
57428906,SayHello,10000,16196
57544811,SayHello,10000,16396
57623071,SayHello,10000,16334
57804768,SayHello,10000,16206
57963117,SayHello,10000,16348
58133552,SayHello,10000,16217
58216847,SayHello,10000,16414
58369514,SayHello,10000,16340
58372782,SayHello,10000,16221
58377762,SayHello,10000,16323
58413680,SayHello,10000,16237
58639517,SayHello,10000,16332
58646528,SayHello,10000,16199
58670820,SayHello,10000,16403
58671439,SayHello,10000,16381
58675909,SayHello,10000,16293
58716425,SayHello,10000,16808
58721588,SayHello,10000,16324
58798170,SayHello,10000,16313
58798935,SayHello,10000,16387
58983375,SayHello,10000,16367
59023648,SayHello,10000,16525
59037186,SayHello,10000,16279
59212609,SayHello,10000,16378
59340914,SayHello,10000,16226
59399189,SayHello,10000,16233
59475086,SayHello,10000,16329
59533145,SayHello,10000,16197
59541110,SayHello,10000,16402
59543891,SayHello,10000,16408
59591168,SayHello,10000,16371
59708840,SayHello,10000,16396
59802314,SayHello,10000,16347
59941311,SayHello,10000,16357
60092161,SayHello,10000,16405
60195417,SayHello,10000,16240
60249442,SayHello,10000,16376
60257672,SayHello,10000,16345
60791395,SayHello,10000,16355
61040726,SayHello,10000,16385
61260055,SayHello,10000,16226
61372175,SayHello,10000,18773
61466102,SayHello,10000,16705
61587754,SayHello,10000,16658
61629659,SayHello,10000,16364
61683128,SayHello,10000,16244
61707102,SayHello,10000,16433
61840919,SayHello,10000,16391
61855010,SayHello,10000,16362
62377631,SayHello,10000,16359
62425630,SayHello,10000,16520
62435096,SayHello,10000,16229
62489145,SayHello,10000,16392
62612733,SayHello,10000,16404
62678650,SayHello,10000,16394
62721566,SayHello,10000,16201
62734263,SayHello,10000,16309
63011900,SayHello,10000,16363
63265926,SayHello,10000,16706
63382130,SayHello,10000,16390
63420164,SayHello,10000,16359
63500018,SayHello,10000,16375
63644985,SayHello,10000,16394
63792917,SayHello,10000,16352
63812438,SayHello,10000,16403
63930202,SayHello,10000,16351
63932249,SayHello,10000,16595
64016841,SayHello,10000,16368
64034802,SayHello,10000,16201
64251476,SayHello,10000,16331
64294778,SayHello,10000,16367
64361564,SayHello,10000,16403
64372630,SayHello,10000,16368
64381785,SayHello,10000,16392
64414189,SayHello,10000,16322
64428178,SayHello,10000,16325
64450177,SayHello,10000,16389
64457429,SayHello,10000,16377
64572195,SayHello,10000,16361
64626025,SayHello,10000,16398
64657075,SayHello,10000,16205
64707880,SayHello,10000,16407
64724432,SayHello,10000,16400
64775267,SayHello,10000,16341
64901481,SayHello,10000,16218
65010581,SayHello,10000,16197
65314815,SayHello,10000,16336
65703302,SayHello,10000,16367
65818724,SayHello,10000,16416
66008250,SayHello,10000,16378
66014575,SayHello,10000,16351
66062072,SayHello,10000,16377
66130732,SayHello,10000,16433
66189692,SayHello,10000,16269
66314853,SayHello,10000,16272
66510171,SayHello,10000,16335
66540894,SayHello,10000,16396
66728196,SayHello,10000,16344
66806461,SayHello,10000,16209
66843995,SayHello,10000,16226
66901670,SayHello,10000,16396
66996452,SayHello,10000,16387
67056041,SayHello,10000,16359
67070652,SayHello,10000,16390
67078234,SayHello,10000,16368
67190890,SayHello,10000,16322
67294799,SayHello,10000,16354
67330944,SayHello,10000,16234
67402417,SayHello,10000,16413
67534338,SayHello,10000,16409
67599976,SayHello,10000,16325
67677919,SayHello,10000,16419
67681187,SayHello,10000,16349
67738654,SayHello,10000,16357
67760612,SayHello,10000,16355
67815562,SayHello,10000,16398
67840802,SayHello,10000,16397
68221959,SayHello,10000,16341
68318654,SayHello,10000,16369
68519102,SayHello,10000,16352
68573169,SayHello,10000,16417
68872505,SayHello,10000,16418
68973957,SayHello,10000,16345
69069931,SayHello,10000,16350
69092522,SayHello,10000,16214
69200066,SayHello,10000,16353
69300750,SayHello,10000,16389
69336012,SayHello,10000,16213
69528896,SayHello,10000,16422
69529171,SayHello,10000,16434
69597291,SayHello,10000,16355
69689871,SayHello,10000,16361
69759156,SayHello,10000,16231
70005946,SayHello,10000,16452
70148442,SayHello,10000,16477
70202151,SayHello,10000,16398
70318763,SayHello,10000,16381
70490713,SayHello,10000,16227
70502109,SayHello,10000,16244
70723654,SayHello,10000,16357
70784265,SayHello,10000,16376
70811692,SayHello,10000,16392
70822546,SayHello,10000,16430
70833144,SayHello,10000,16410
70870133,SayHello,10000,16422
70903771,SayHello,10000,16362
70991777,SayHello,10000,16359
70993213,SayHello,10000,16225
71019929,SayHello,10000,16225
71068162,SayHello,10000,16343
71223363,SayHello,10000,16303
71241817,SayHello,10000,16384
71270629,SayHello,10000,16320
71337778,SayHello,10000,16211
71417564,SayHello,10000,16363
71467526,SayHello,10000,16870
71569965,SayHello,10000,16346
71586180,SayHello,10000,16393
71600450,SayHello,10000,16393
71904754,SayHello,10000,16292
71918373,SayHello,10000,16364
71964881,SayHello,10000,16393
71970890,SayHello,10000,16210
72008768,SayHello,10000,16352
72364314,SayHello,10000,16215
72527124,SayHello,10000,16419
72619239,SayHello,10000,16241
72812468,SayHello,10000,16419
72994877,SayHello,10000,16371
73005950,SayHello,10000,16639
73029761,SayHello,10000,16391
73150551,SayHello,10000,16395
73154379,SayHello,10000,16427
73195407,SayHello,10000,16208
73341689,SayHello,10000,16198
73392077,SayHello,10000,16212
73393217,SayHello,10000,16388
73486129,SayHello,10000,16350
73569130,SayHello,10000,16357
73586559,SayHello,10000,16660
73635778,SayHello,10000,16389
73699338,SayHello,10000,16390
73707030,SayHello,10000,16275
73735330,SayHello,10000,16421
73979922,SayHello,10000,16260
73996070,SayHello,10000,16449
74031509,SayHello,10000,16433
74067733,SayHello,10000,16234
74188589,SayHello,10000,16371
74337611,SayHello,10000,16404
74349400,SayHello,10000,16347
74462384,SayHello,10000,16349
74555102,SayHello,10000,16237
74719196,SayHello,10000,16340
74750488,SayHello,10000,16204
74907637,SayHello,10000,16328
75009933,SayHello,10000,16195
75022628,SayHello,10000,16379
75117668,SayHello,10000,16266
75187370,SayHello,10000,16305
75411845,SayHello,10000,16426
75415883,SayHello,10000,16357
75416809,SayHello,10000,16362
75438496,SayHello,10000,16234
75447520,SayHello,10000,16411
75555672,SayHello,10000,16423
75630271,SayHello,10000,16295
75645710,SayHello,10000,16403
75659353,SayHello,10000,16279
75694935,SayHello,10000,16355
75725880,SayHello,10000,16332
75821365,SayHello,10000,16302
76042038,SayHello,10000,16400
76059398,SayHello,10000,16352
76078189,SayHello,10000,16418
76254774,SayHello,10000,16354
76297654,SayHello,10000,16282
76301548,SayHello,10000,16708
76315078,SayHello,10000,16352
76336426,SayHello,10000,16228
76489537,SayHello,10000,16365
76554970,SayHello,10000,16356
76682342,SayHello,10000,16453
76753864,SayHello,10000,16244
76856113,SayHello,10000,16420
76937325,SayHello,10000,16348
77055307,SayHello,10000,16329
77109017,SayHello,10000,16562
77232756,SayHello,10000,16459
77470801,SayHello,10000,16399
77498468,SayHello,10000,16247
77574470,SayHello,10000,16560
77645136,SayHello,10000,16326
77649514,SayHello,10000,16713
77672948,SayHello,10000,16363
77853560,SayHello,10000,16408
77854596,SayHello,10000,16331
77862552,SayHello,10000,16326
77975831,SayHello,10000,16325
77979269,SayHello,10000,16334
77981522,SayHello,10000,16366
78070963,SayHello,10000,16424
78249281,SayHello,10000,16428
78324827,SayHello,10000,16218
78486477,SayHello,10000,16407
78534378,SayHello,10000,16227
78709642,SayHello,10000,16462
78887139,SayHello,10000,16265
79028345,SayHello,10000,16232
79129048,SayHello,10000,16330
79314950,SayHello,10000,16345
79353257,SayHello,10000,16239
79369703,SayHello,10000,16437
79515519,SayHello,10000,16202
79547838,SayHello,10000,16367
79601505,SayHello,10000,16426
79716219,SayHello,10000,16210
79728549,SayHello,10000,16344
79793724,SayHello,10000,16359
79799202,SayHello,10000,16406
79832854,SayHello,10000,16342
80029574,SayHello,10000,17545
80079581,SayHello,10000,16370
80385503,SayHello,10000,16393
80417889,SayHello,10000,16349
80477593,SayHello,10000,16219
80527447,SayHello,10000,16392
80535108,SayHello,10000,16392
80547259,SayHello,10000,16457
80569852,SayHello,10000,16349
80642769,SayHello,10000,16349
80643182,SayHello,10000,16420
80745559,SayHello,10000,16385
80785433,SayHello,10000,16394
80934820,SayHello,10000,16373
80944342,SayHello,10000,16300
80985452,SayHello,10000,16369
81214929,SayHello,10000,16236
81273128,SayHello,10000,16349
81376231,SayHello,10000,16391
81383188,SayHello,10000,16424
81405216,SayHello,10000,16342
81425075,SayHello,10000,16346
81479666,SayHello,10000,16399
81613024,SayHello,10000,16434
81620591,SayHello,10000,16323
81620628,SayHello,10000,16392
81819646,SayHello,10000,16425
81842090,SayHello,10000,16336
81847140,SayHello,10000,16354
81851324,SayHello,10000,16410
82026087,SayHello,10000,16353
82065665,SayHello,10000,16334
82132168,SayHello,10000,16361
82342802,SayHello,10000,16276
82392187,SayHello,10000,16351
82566935,SayHello,10000,16432
82844279,SayHello,10000,16623
83136379,SayHello,10000,16361
83196222,SayHello,10000,16431
83223266,SayHello,10000,16366
83366649,SayHello,10000,16228
83443854,SayHello,10000,16225
83704544,SayHello,10000,16393
83764880,SayHello,10000,16210
83813438,SayHello,10000,16358
83866672,SayHello,10000,16324
84089323,SayHello,10000,16345
84230078,SayHello,10000,16236
84265213,SayHello,10000,16328
84340704,SayHello,10000,16360
84396705,SayHello,10000,16430
84443165,SayHello,10000,16363
84527973,SayHello,10000,16348
84713504,SayHello,10000,16293
84906089,SayHello,10000,16236
84951762,SayHello,10000,16301
85305517,SayHello,10000,16239
85530171,SayHello,10000,16375
85536580,SayHello,10000,16513
85665462,SayHello,10000,16391
85680113,SayHello,10000,16357
85704971,SayHello,10000,16343
85747913,SayHello,10000,16226
85777042,SayHello,10000,16340
85801271,SayHello,10000,16330
85847373,SayHello,10000,16317
85872096,SayHello,10000,16355
85918752,SayHello,10000,16401
85970644,SayHello,10000,16496
86007896,SayHello,10000,16433
86388312,SayHello,10000,16351
86516591,SayHello,10000,16347
86657152,SayHello,10000,16220
86685131,SayHello,10000,16294
86741679,SayHello,10000,16250
86761260,SayHello,10000,16395
86890428,SayHello,10000,16287
86906107,SayHello,10000,16224
86941530,SayHello,10000,16335
87067793,SayHello,10000,16542
87137695,SayHello,10000,16374
87152324,SayHello,10000,16355
87166310,SayHello,10000,16225
87216507,SayHello,10000,16222
87307667,SayHello,10000,16340
87625517,SayHello,10000,16378
87644364,SayHello,10000,16330
87699095,SayHello,10000,16338
87955435,SayHello,10000,16362
88092803,SayHello,10000,16363
88097821,SayHello,10000,16410
88108881,SayHello,10000,16425
88139368,SayHello,10000,16432
88248230,SayHello,10000,16225
88252476,SayHello,10000,16346
88297013,SayHello,10000,16227
88340762,SayHello,10000,16345
88526608,SayHello,10000,16241
88856532,SayHello,10000,16282
88948379,SayHello,10000,16345
89131896,SayHello,10000,16459
89175029,SayHello,10000,16227
89378724,SayHello,10000,16435
89381875,SayHello,10000,16353
89468578,SayHello,10000,16325
89506193,SayHello,10000,16286
89703315,SayHello,10000,16329
89798293,SayHello,10000,16359
89965613,SayHello,10000,16348
90077295,SayHello,10000,16238
90120367,SayHello,10000,16199
90204946,SayHello,10000,16327
90316325,SayHello,10000,16338
90392219,SayHello,10000,16215
90498824,SayHello,10000,16279
90602818,SayHello,10000,16398
90628213,SayHello,10000,16360
90667454,SayHello,10000,16209
90715303,SayHello,10000,16407
90763697,SayHello,10000,16295
90936508,SayHello,10000,16364
90958365,SayHello,10000,16369
91051654,SayHello,10000,16244
91103398,SayHello,10000,16446
91291061,SayHello,10000,16210
91405261,SayHello,10000,16335
91544135,SayHello,10000,16211
91706541,SayHello,10000,16341
91748840,SayHello,10000,16356
91749732,SayHello,10000,16339
91756041,SayHello,10000,16411
91763071,SayHello,10000,16311
91793918,SayHello,10000,16330
91799623,SayHello,10000,16390
91827758,SayHello,10000,16341
91850699,SayHello,10000,16367
91853066,SayHello,10000,16352
91879516,SayHello,10000,16419
91913699,SayHello,10000,16326
91945454,SayHello,10000,16294
91952444,SayHello,10000,16392
92007101,SayHello,10000,16386
92064031,SayHello,10000,16327
92138350,SayHello,10000,16381
92160432,SayHello,10000,16427
92251407,SayHello,10000,16394
92276989,SayHello,10000,16234
92324247,SayHello,10000,16674
92350019,SayHello,10000,16228
92536256,SayHello,10000,16393
92557508,SayHello,10000,16329
92580517,SayHello,10000,16382
92661617,SayHello,10000,16408
92683908,SayHello,10000,16217
92737516,SayHello,10000,16423
92786846,SayHello,10000,16426
92873109,SayHello,10000,16675
92977462,SayHello,10000,16396
93173214,SayHello,10000,16411
93185158,SayHello,10000,16470
93248644,SayHello,10000,16351
93576751,SayHello,10000,16381
93597082,SayHello,10000,16386
93688252,SayHello,10000,16419
93796795,SayHello,10000,16455
94015181,SayHello,10000,16354
94024460,SayHello,10000,16353
94120911,SayHello,10000,16395
94171298,SayHello,10000,16326
94186608,SayHello,10000,16343
94206273,SayHello,10000,16392
94333008,SayHello,10000,16410
94337823,SayHello,10000,16384
94385609,SayHello,10000,16449
94397380,SayHello,10000,16333
94554748,SayHello,10000,16359
94566168,SayHello,10000,16595
94641813,SayHello,10000,16477
94656224,SayHello,10000,16335
94660291,SayHello,10000,16426
94694002,SayHello,10000,16340
94736677,SayHello,10000,16437
94887563,SayHello,10000,16325
94899593,SayHello,10000,16380
94926100,SayHello,10000,16352
95053613,SayHello,10000,16442
95091841,SayHello,10000,16351
95195906,SayHello,10000,16327
95223355,SayHello,10000,16315
95306265,SayHello,10000,16387
95313872,SayHello,10000,16244
95318651,SayHello,10000,16225
95329602,SayHello,10000,16380
95387453,SayHello,10000,16235
95680500,SayHello,10000,16380
95766097,SayHello,10000,16538
95929072,SayHello,10000,16319
96090673,SayHello,10000,16396
96155102,SayHello,10000,16301
96180500,SayHello,10000,16358
96253507,SayHello,10000,16415
96459092,SayHello,10000,16324
96563740,SayHello,10000,16356
96680562,SayHello,10000,16238
96949664,SayHello,10000,16358
97036767,SayHello,10000,16395
97065102,SayHello,10000,16340
97203593,SayHello,10000,16352
97301549,SayHello,10000,16424
97359765,SayHello,10000,16362
97426330,SayHello,10000,16233
97516511,SayHello,10000,16325
97634183,SayHello,10000,16441
97727328,SayHello,10000,16437
97844320,SayHello,10000,16363
97918428,SayHello,10000,16356
97935283,SayHello,10000,16326
98061223,SayHello,10000,16388
98085768,SayHello,10000,16307
98087570,SayHello,10000,16551
98123559,SayHello,10000,16241
98137869,SayHello,10000,16430
98234989,SayHello,10000,16340
98326760,SayHello,10000,16422
98380454,SayHello,10000,16400
98554668,SayHello,10000,16355
98759689,SayHello,10000,16370
98821084,SayHello,10000,16422
98883093,SayHello,10000,16427
99056615,SayHello,10000,16355
99171767,SayHello,10000,16290
99215426,SayHello,10000,16238
99335874,SayHello,10000,16225
99392074,SayHello,10000,16223
99422440,SayHello,10000,16393
99612833,SayHello,10000,16432
99657786,SayHello,10000,16368
99698246,SayHello,10000,16204
99716692,SayHello,10000,16394
99723673,SayHello,10000,16362
99770265,SayHello,10000,16417
100206924,SayHello,10000,16198
100266758,SayHello,10000,16391
100348723,SayHello,10000,16326
100390962,SayHello,10000,16450
100533589,SayHello,10000,16272
100569123,SayHello,10000,16321
100586507,SayHello,10000,16534
100586830,SayHello,10000,16200
100606047,SayHello,10000,16363
100606451,SayHello,10000,16391
100624605,SayHello,10000,16423
100711645,SayHello,10000,16344
100742696,SayHello,10000,16408
100822778,SayHello,10000,16330
100833640,SayHello,10000,16339
100949139,SayHello,10000,16228
101025125,SayHello,10000,16327
101039503,SayHello,10000,16421
101100957,SayHello,10000,16359
101143069,SayHello,10000,16348
101353100,SayHello,10000,16391
101392816,SayHello,10000,16435
101421960,SayHello,10000,16410
101432410,SayHello,10000,16383
101476125,SayHello,10000,16410
101508221,SayHello,10000,16445
101608188,SayHello,10000,16388
101873455,SayHello,10000,16389
101876297,SayHello,10000,16237
102009719,SayHello,10000,16346
102070523,SayHello,10000,16267
102166175,SayHello,10000,16401
102173571,SayHello,10000,16354
102250455,SayHello,10000,16236
102455248,SayHello,10000,16514
102475480,SayHello,10000,16287
102609569,SayHello,10000,16360
102656600,SayHello,10000,16229
102664410,SayHello,10000,16209
102709568,SayHello,10000,16347
102823429,SayHello,10000,16517
102902236,SayHello,10000,16358
102965302,SayHello,10000,16419
103098067,SayHello,10000,16320
103107885,SayHello,10000,16392
103136125,SayHello,10000,16463
103470461,SayHello,10000,16349
103545885,SayHello,10000,16260
103884114,SayHello,10000,16232
103887618,SayHello,10000,16210
103905591,SayHello,10000,16202
104000357,SayHello,10000,16606
104115631,SayHello,10000,16273
104366836,SayHello,10000,16410
104410225,SayHello,10000,16347
104491150,SayHello,10000,16621
104637166,SayHello,10000,16589
104698976,SayHello,10000,16402
104766224,SayHello,10000,16364
104831949,SayHello,10000,16196
104839340,SayHello,10000,16406
104940953,SayHello,10000,16227
105048400,SayHello,10000,16419
105178323,SayHello,10000,16395
105353460,SayHello,10000,16398
105440052,SayHello,10000,16335
105855117,SayHello,10000,16440
105890420,SayHello,10000,16407
105968664,SayHello,10000,16419
105994012,SayHello,10000,16355
106139880,SayHello,10000,16349
106140348,SayHello,10000,16301
106151709,SayHello,10000,16346
106152214,SayHello,10000,16393
106331630,SayHello,10000,16323
106353712,SayHello,10000,16638
106417056,SayHello,10000,16342
106452669,SayHello,10000,16209
106646781,SayHello,10000,16389
106739248,SayHello,10000,16393
106758285,SayHello,10000,16336
106768217,SayHello,10000,16343
106943083,SayHello,10000,16395
107338786,SayHello,10000,16423
107371669,SayHello,10000,16231
107539398,SayHello,10000,16328
107651094,SayHello,10000,16348
107728636,SayHello,10000,16435
108064537,SayHello,10000,16377
108126381,SayHello,10000,16356
108135747,SayHello,10000,16389
108162649,SayHello,10000,16364
108232784,SayHello,10000,16424
108250994,SayHello,10000,16227
108435723,SayHello,10000,16351
108480141,SayHello,10000,16332
108486241,SayHello,10000,16348
108522804,SayHello,10000,16390
108534502,SayHello,10000,16336
108603333,SayHello,10000,16355
108786678,SayHello,10000,16363
108827887,SayHello,10000,16392
108842377,SayHello,10000,16406
108869013,SayHello,10000,16639
109061994,SayHello,10000,16270
109068903,SayHello,10000,16286
109157352,SayHello,10000,16308
109380278,SayHello,10000,16363
109388383,SayHello,10000,16392
109395879,SayHello,10000,16198
109692336,SayHello,10000,16367
109834196,SayHello,10000,16333
109927953,SayHello,10000,16224
110058599,SayHello,10000,16531
110061897,SayHello,10000,16378
110074439,SayHello,10000,16348
110122990,SayHello,10000,16273
110135013,SayHello,10000,16400
110166506,SayHello,10000,16267
110202538,SayHello,10000,16348
110388746,SayHello,10000,16418
110546194,SayHello,10000,16233
110561525,SayHello,10000,16394
110700225,SayHello,10000,16352
110702322,SayHello,10000,16396
110788690,SayHello,10000,16351
110822807,SayHello,10000,16230
110843688,SayHello,10000,16396
110852642,SayHello,10000,16224
110885731,SayHello,10000,16309
111088277,SayHello,10000,16599
111133486,SayHello,10000,16201
111193203,SayHello,10000,16408
111304438,SayHello,10000,16395
111399336,SayHello,10000,16357
111403686,SayHello,10000,16338
111408077,SayHello,10000,16393
111465949,SayHello,10000,16200
111467468,SayHello,10000,16361
111481288,SayHello,10000,16357
111555201,SayHello,10000,16434
111730253,SayHello,10000,16426
111802686,SayHello,10000,16394
111924514,SayHello,10000,22501
112008021,SayHello,10000,16366
112164501,SayHello,10000,16356
112205771,SayHello,10000,16358
112238808,SayHello,10000,16351
112365002,SayHello,10000,16346
112450454,SayHello,10000,16397
112606824,SayHello,10000,16339
112771845,SayHello,10000,16238
112827291,SayHello,10000,16333
112886676,SayHello,10000,16393
113021849,SayHello,10000,16829
113484705,SayHello,10000,16304
113627664,SayHello,10000,16321
113722254,SayHello,10000,16513
113726947,SayHello,10000,16205
113747828,SayHello,10000,16367
113748253,SayHello,10000,16402
113750646,SayHello,10000,16385
113885520,SayHello,10000,16363
113911839,SayHello,10000,16435
113924917,SayHello,10000,16281
114167499,SayHello,10000,16352
114206752,SayHello,10000,16212
114482397,SayHello,10000,16430
114502174,SayHello,10000,16322
114598161,SayHello,10000,16197
114740153,SayHello,10000,16200
114836625,SayHello,10000,16443
114862962,SayHello,10000,16467
114928278,SayHello,10000,16395
114947021,SayHello,10000,16357
114958996,SayHello,10000,16369
115015431,SayHello,10000,16352
115063765,SayHello,10000,16391
115104911,SayHello,10000,16423
115145089,SayHello,10000,16351
115171874,SayHello,10000,16400
115263621,SayHello,10000,16333
115264448,SayHello,10000,16213
115450636,SayHello,10000,16509
115549870,SayHello,10000,16422
115619330,SayHello,10000,16231
115625369,SayHello,10000,16335
115660035,SayHello,10000,16342
115674870,SayHello,10000,16344
115749298,SayHello,10000,16393
115841754,SayHello,10000,16371
115926998,SayHello,10000,16296
115929340,SayHello,10000,16421
115934374,SayHello,10000,16413
116156156,SayHello,10000,16402
116215805,SayHello,10000,16394
116266289,SayHello,10000,16369
116270844,SayHello,10000,16350
116279463,SayHello,10000,16361
116360794,SayHello,10000,16396
116418963,SayHello,10000,16211
116551473,SayHello,10000,16343
116561556,SayHello,10000,16329
116655587,SayHello,10000,16330
116697834,SayHello,10000,16357
116819057,SayHello,10000,16349
116851302,SayHello,10000,16404
116853903,SayHello,10000,16421
116922465,SayHello,10000,16206
117025127,SayHello,10000,16334
117129671,SayHello,10000,16345
117216951,SayHello,10000,16352
117236833,SayHello,10000,16355
117420441,SayHello,10000,16344
117673801,SayHello,10000,16399
117681068,SayHello,10000,16351
117725127,SayHello,10000,16334
117734559,SayHello,10000,16355
117769672,SayHello,10000,16313
117900369,SayHello,10000,16404
117947506,SayHello,10000,16360
118001503,SayHello,10000,16424
118018085,SayHello,10000,16372
118055944,SayHello,10000,16330
118068304,SayHello,10000,16230
118201139,SayHello,10000,16343
118338484,SayHello,10000,16328
118525640,SayHello,10000,16325
118991219,SayHello,10000,16341
119010770,SayHello,10000,16433
119028382,SayHello,10000,16356
119090535,SayHello,10000,16202
119113943,SayHello,10000,16360
119190021,SayHello,10000,16422
119234741,SayHello,10000,16371
119360505,SayHello,10000,16350
119426288,SayHello,10000,16410
119446037,SayHello,10000,16383
119523990,SayHello,10000,16439
119611527,SayHello,10000,16348
119614695,SayHello,10000,16446
119861084,SayHello,10000,16345
119932542,SayHello,10000,16356
119990478,SayHello,10000,16419
120057465,SayHello,10000,16202
120086336,SayHello,10000,16333
120397870,SayHello,10000,16364
120427732,SayHello,10000,16399
120640564,SayHello,10000,16423
120668789,SayHello,10000,16336
120769398,SayHello,10000,16361
120813357,SayHello,10000,16337
120968693,SayHello,10000,16397
121010037,SayHello,10000,16348
121035314,SayHello,10000,16383
121055113,SayHello,10000,16833
121097164,SayHello,10000,16327
121133104,SayHello,10000,16348
121137008,SayHello,10000,16392
121184801,SayHello,10000,16433
121256042,SayHello,10000,16334
121267820,SayHello,10000,16214
121523316,SayHello,10000,16394
121640555,SayHello,10000,16231
121802871,SayHello,10000,16374
121847275,SayHello,10000,16424
121883064,SayHello,10000,16413
121981189,SayHello,10000,16336
122017494,SayHello,10000,16332
122083395,SayHello,10000,16392
122100422,SayHello,10000,16326
122135770,SayHello,10000,16325
122147602,SayHello,10000,16398
122182578,SayHello,10000,16209
122185003,SayHello,10000,16380
122324184,SayHello,10000,16389
122449370,SayHello,10000,16353
122495730,SayHello,10000,16341
122529373,SayHello,10000,16406
122612242,SayHello,10000,16441
122710065,SayHello,10000,16356
122820216,SayHello,10000,16424
122939216,SayHello,10000,16298
123005393,SayHello,10000,16341
123045737,SayHello,10000,16358
123380153,SayHello,10000,16359
123459748,SayHello,10000,16366
123673555,SayHello,10000,16395
123769765,SayHello,10000,16381
124136797,SayHello,10000,16365
124144575,SayHello,10000,16333
124447902,SayHello,10000,16396
124504665,SayHello,10000,16357
124636096,SayHello,10000,16305
124662889,SayHello,10000,16373
124668685,SayHello,10000,16351
124802800,SayHello,10000,16639
124945169,SayHello,10000,16339
125071672,SayHello,10000,16536
125097106,SayHello,10000,16400
125106872,SayHello,10000,16229
125220032,SayHello,10000,16340
125225668,SayHello,10000,16398
125284114,SayHello,10000,16368
125358370,SayHello,10000,16351
125396013,SayHello,10000,16332
125629654,SayHello,10000,16419
125820538,SayHello,10000,16369
125990224,SayHello,10000,16589
126020878,SayHello,10000,16219
126067185,SayHello,10000,16357
126086520,SayHello,10000,16225
126105175,SayHello,10000,16358
126108081,SayHello,10000,16392
126112197,SayHello,10000,16457
126193521,SayHello,10000,16362
126321478,SayHello,10000,16423
126355591,SayHello,10000,16424
126384910,SayHello,10000,16357
126403356,SayHello,10000,16297
126445241,SayHello,10000,16345
126455284,SayHello,10000,16433
126456664,SayHello,10000,16451
126459122,SayHello,10000,16225
126586827,SayHello,10000,16200
126589965,SayHello,10000,16351
126591965,SayHello,10000,16383
126631859,SayHello,10000,16408
126663568,SayHello,10000,16368
126663995,SayHello,10000,16406
126669217,SayHello,10000,16361
126762703,SayHello,10000,16355
126793976,SayHello,10000,16344
126794226,SayHello,10000,16473
126797542,SayHello,10000,16430
126865005,SayHello,10000,16343
126949569,SayHello,10000,16355
127105954,SayHello,10000,16216
127157857,SayHello,10000,16356
127247177,SayHello,10000,16347
127492630,SayHello,10000,16343
127515855,SayHello,10000,16395
127747121,SayHello,10000,16236
127806140,SayHello,10000,16368
127920786,SayHello,10000,16363
128135061,SayHello,10000,16426
128179197,SayHello,10000,16363
128266348,SayHello,10000,16339
128342311,SayHello,10000,16229
128457591,SayHello,10000,16218
128459306,SayHello,10000,16636
128514436,SayHello,10000,16271
128653607,SayHello,10000,16356
128694165,SayHello,10000,16349
128712050,SayHello,10000,16368
128803318,SayHello,10000,16379
128820074,SayHello,10000,16232
128858792,SayHello,10000,16438
129215244,SayHello,10000,16391
129261531,SayHello,10000,16328
129273322,SayHello,10000,16395
129339031,SayHello,10000,16428
129379510,SayHello,10000,16329
129420924,SayHello,10000,16252
129554308,SayHello,10000,16211
129674184,SayHello,10000,16332
129679060,SayHello,10000,16227
129696826,SayHello,10000,16340
129725479,SayHello,10000,16242
129803645,SayHello,10000,16306
129892286,SayHello,10000,16198
129962376,SayHello,10000,16329
129995896,SayHello,10000,16417
130029696,SayHello,10000,16344
130144623,SayHello,10000,16321
130187536,SayHello,10000,16330
130421083,SayHello,10000,16421
130582094,SayHello,10000,16594
130668037,SayHello,10000,16368
130693418,SayHello,10000,16381
130769724,SayHello,10000,16366
130798141,SayHello,10000,16205
130857277,SayHello,10000,16347
130870981,SayHello,10000,16319
130925101,SayHello,10000,16365
131054868,SayHello,10000,16396
131159609,SayHello,10000,16345
131242825,SayHello,10000,16396
131277610,SayHello,10000,16371
131304214,SayHello,10000,16380
131309045,SayHello,10000,16357
131363007,SayHello,10000,16361
131691282,SayHello,10000,16393
131771454,SayHello,10000,16404
131961826,SayHello,10000,16390
131978706,SayHello,10000,16203
132100325,SayHello,10000,16395
132195670,SayHello,10000,16358
132260897,SayHello,10000,16361
132352980,SayHello,10000,16328
132405374,SayHello,10000,16349
132542714,SayHello,10000,16369
132559923,SayHello,10000,16475
132638679,SayHello,10000,16331
132722380,SayHello,10000,16548
132782856,SayHello,10000,16376
132831665,SayHello,10000,16415
132852379,SayHello,10000,16428
132985057,SayHello,10000,16436
133265437,SayHello,10000,16212
133269151,SayHello,10000,16564
133318343,SayHello,10000,16436
133374834,SayHello,10000,16383
133479554,SayHello,10000,16407
133516161,SayHello,10000,16398
133517470,SayHello,10000,16394
133669827,SayHello,10000,16223
133905196,SayHello,10000,16327
134002203,SayHello,10000,16407
134238527,SayHello,10000,16353
134310598,SayHello,10000,16340
134344193,SayHello,10000,16297
134372371,SayHello,10000,16391
134386175,SayHello,10000,16661
134393679,SayHello,10000,16418
134463397,SayHello,10000,16427
134615891,SayHello,10000,16397
134759560,SayHello,10000,16444
134850360,SayHello,10000,16277
134914357,SayHello,10000,16335
134935689,SayHello,10000,16644
134984577,SayHello,10000,16591
135025469,SayHello,10000,16375
135209545,SayHello,10000,16350
135234340,SayHello,10000,16450
135237566,SayHello,10000,16382
135393338,SayHello,10000,16397
135415575,SayHello,10000,16401
135447879,SayHello,10000,16423
135613676,SayHello,10000,16399
135639646,SayHello,10000,16401
135756725,SayHello,10000,16397
135821881,SayHello,10000,16422
135907803,SayHello,10000,16203
136054451,SayHello,10000,16355
136056887,SayHello,10000,16226
136057894,SayHello,10000,16335
136112790,SayHello,10000,16341
136301772,SayHello,10000,16417
136554963,SayHello,10000,16382
136558857,SayHello,10000,16358
136604141,SayHello,10000,16371
136675666,SayHello,10000,16323
136689358,SayHello,10000,16362
136867530,SayHello,10000,16356
136908068,SayHello,10000,16461
136931090,SayHello,10000,16348
136998985,SayHello,10000,16349
137196703,SayHello,10000,16423
137343881,SayHello,10000,16360
137376731,SayHello,10000,16289
137404738,SayHello,10000,16377
137456372,SayHello,10000,16426
137550304,SayHello,10000,16273
137551139,SayHello,10000,16262
137593917,SayHello,10000,16365
137688969,SayHello,10000,16211
137701815,SayHello,10000,16387
138011760,SayHello,10000,16334
138065247,SayHello,10000,16697
138100608,SayHello,10000,16332
138272179,SayHello,10000,16370
138347670,SayHello,10000,16260
138374077,SayHello,10000,16367
138452082,SayHello,10000,16230
138464366,SayHello,10000,16382
138468172,SayHello,10000,16426
138512650,SayHello,10000,16494
138513651,SayHello,10000,16403
138555220,SayHello,10000,16318
138738748,SayHello,10000,16322
138805718,SayHello,10000,16493
138885661,SayHello,10000,16399
138919356,SayHello,10000,16355
138944759,SayHello,10000,16395
138981576,SayHello,10000,16398
139054187,SayHello,10000,16417
139074370,SayHello,10000,16356
139183644,SayHello,10000,16443
139292063,SayHello,10000,16199
139318072,SayHello,10000,16353
139497810,SayHello,10000,16478
139510014,SayHello,10000,16362
139730465,SayHello,10000,16330
139878968,SayHello,10000,16387
139883324,SayHello,10000,16675
139934254,SayHello,10000,16598
139979326,SayHello,10000,16349
140016504,SayHello,10000,16398
140071388,SayHello,10000,16374
140083533,SayHello,10000,16388
140159232,SayHello,10000,16237
140234111,SayHello,10000,16345
140551605,SayHello,10000,16437
140607246,SayHello,10000,16408
140633135,SayHello,10000,16320
140673172,SayHello,10000,16359
140769310,SayHello,10000,16244
140809308,SayHello,10000,16368
140836708,SayHello,10000,16445
140927830,SayHello,10000,16388
140955347,SayHello,10000,16227
140994334,SayHello,10000,16330
141005127,SayHello,10000,16194
141014685,SayHello,10000,16430
141021398,SayHello,10000,16230
141224813,SayHello,10000,16360
141246573,SayHello,10000,16433
141611714,SayHello,10000,16239
141763723,SayHello,10000,16416
141805291,SayHello,10000,16334
141948265,SayHello,10000,16422
141972906,SayHello,10000,16368
141996399,SayHello,10000,16674
142085018,SayHello,10000,16436
142166783,SayHello,10000,16359
142261935,SayHello,10000,16204
142305540,SayHello,10000,16323
142388521,SayHello,10000,16360
142515994,SayHello,10000,16230
142540319,SayHello,10000,16327
142544420,SayHello,10000,16366
142598310,SayHello,10000,16548
142636758,SayHello,10000,16393
142670900,SayHello,10000,16279
142821757,SayHello,10000,16541
142918327,SayHello,10000,16219
142918575,SayHello,10000,16256
142920021,SayHello,10000,16371
142950336,SayHello,10000,16425
142984723,SayHello,10000,16359
143035631,SayHello,10000,16349
143168509,SayHello,10000,16455
143180563,SayHello,10000,16326
143265254,SayHello,10000,16416
143358166,SayHello,10000,16400
143611298,SayHello,10000,16357
143747211,SayHello,10000,16239
143850691,SayHello,10000,16212
143889659,SayHello,10000,16304
144391816,SayHello,10000,16368
144458464,SayHello,10000,16533
144587571,SayHello,10000,16435
144604135,SayHello,10000,16358
144866781,SayHello,10000,16331
144912845,SayHello,10000,16397
145001379,SayHello,10000,16374
145017475,SayHello,10000,16391
145043669,SayHello,10000,16326
145058669,SayHello,10000,16344
145272598,SayHello,10000,16221
145321884,SayHello,10000,16225
145434247,SayHello,10000,16326
145908227,SayHello,10000,16387
145927550,SayHello,10000,16365
146046789,SayHello,10000,16376
146111870,SayHello,10000,16338
146153981,SayHello,10000,16413
146395577,SayHello,10000,16391
146429395,SayHello,10000,16430
146469381,SayHello,10000,16211
146538993,SayHello,10000,16362
146570413,SayHello,10000,16390
146616681,SayHello,10000,16226
146647899,SayHello,10000,16366
146722637,SayHello,10000,16408
146901260,SayHello,10000,16421
147017985,SayHello,10000,16424
147071888,SayHello,10000,16360
147261326,SayHello,10000,16437
147283311,SayHello,10000,16448
147305015,SayHello,10000,16429
147449655,SayHello,10000,16384
147481893,SayHello,10000,16263
147570437,SayHello,10000,16401
147946923,SayHello,10000,16421
147991861,SayHello,10000,16660
147998861,SayHello,10000,16297
148221118,SayHello,10000,16490
148331322,SayHello,10000,16446
148340024,SayHello,10000,16326
148635040,SayHello,10000,16214
148758324,SayHello,10000,16382
148959877,SayHello,10000,16359
149037419,SayHello,10000,16280
149133944,SayHello,10000,16202
149140550,SayHello,10000,16358
149179480,SayHello,10000,16320
149213442,SayHello,10000,16292
149227630,SayHello,10000,16281
149291627,SayHello,10000,16208
149325945,SayHello,10000,16241
149372677,SayHello,10000,16335
149396644,SayHello,10000,16354
149409581,SayHello,10000,16345
149438981,SayHello,10000,16312
149481403,SayHello,10000,16411
149560114,SayHello,10000,16273
149622954,SayHello,10000,16385
149797872,SayHello,10000,16387
149843078,SayHello,10000,16227
149901700,SayHello,10000,16615
149926490,SayHello,10000,16397
150191970,SayHello,10000,16226
150241016,SayHello,10000,16463
150345747,SayHello,10000,16200
150432003,SayHello,10000,16596
150483704,SayHello,10000,16425
150488361,SayHello,10000,16354
150663439,SayHello,10000,16378
150716703,SayHello,10000,16356
150899386,SayHello,10000,16348
150966095,SayHello,10000,16357
151023907,SayHello,10000,16354
151149759,SayHello,10000,16257
151242426,SayHello,10000,16231
151279214,SayHello,10000,16397
151331866,SayHello,10000,16293
151477392,SayHello,10000,16210
151484369,SayHello,10000,16324
151506794,SayHello,10000,16413
151526933,SayHello,10000,16331
151555865,SayHello,10000,16324
151569014,SayHello,10000,16299
151638573,SayHello,10000,16335
151953048,SayHello,10000,16208
152063355,SayHello,10000,16416
152122744,SayHello,10000,16331
152124622,SayHello,10000,16226
152243466,SayHello,10000,16393
152276990,SayHello,10000,16221
152305632,SayHello,10000,16352
152349863,SayHello,10000,16407
152441098,SayHello,10000,16373
152720731,SayHello,10000,16380
152725213,SayHello,10000,16372
152794023,SayHello,10000,16346
153001604,SayHello,10000,16335
153073299,SayHello,10000,16378
153127414,SayHello,10000,16435
153284775,SayHello,10000,16267
153410508,SayHello,10000,16365
153410878,SayHello,10000,16330
153467386,SayHello,10000,16385
153480551,SayHello,10000,16356
153495975,SayHello,10000,16433
153506822,SayHello,10000,16364
153563113,SayHello,10000,16284
153736832,SayHello,10000,16355
153903872,SayHello,10000,16357
154111608,SayHello,10000,16393
154134738,SayHello,10000,16428
154440274,SayHello,10000,16372
154520634,SayHello,10000,16447
154587319,SayHello,10000,16387
154677977,SayHello,10000,16213
154763997,SayHello,10000,16346
154815447,SayHello,10000,16326
155004316,SayHello,10000,16231
155077358,SayHello,10000,16234
155284349,SayHello,10000,16241
155504452,SayHello,10000,16308
155593048,SayHello,10000,16226
155663472,SayHello,10000,16205
155755646,SayHello,10000,16427
155869184,SayHello,10000,16229
155891701,SayHello,10000,16353
156001722,SayHello,10000,16346
156084416,SayHello,10000,16220
156123463,SayHello,10000,16412
156165537,SayHello,10000,16419
156182592,SayHello,10000,16324
156342332,SayHello,10000,16349
156461769,SayHello,10000,16347
156647517,SayHello,10000,16393
156679365,SayHello,10000,16360
156749788,SayHello,10000,16342
156929436,SayHello,10000,16351
157056136,SayHello,10000,16419
157116847,SayHello,10000,16229
157360866,SayHello,10000,16568
157407158,SayHello,10000,16351
157432371,SayHello,10000,16698
157547267,SayHello,10000,16207
157637126,SayHello,10000,16296
157637894,SayHello,10000,16231
157655392,SayHello,10000,16440
157924704,SayHello,10000,16481
158025571,SayHello,10000,16337
158492299,SayHello,10000,16379
158619286,SayHello,10000,16367
158622049,SayHello,10000,16204
158751052,SayHello,10000,16332
158884084,SayHello,10000,16330
158998393,SayHello,10000,16425
159113658,SayHello,10000,16385
159170985,SayHello,10000,16315
159176647,SayHello,10000,16331
159196870,SayHello,10000,16338
159234959,SayHello,10000,16354
159242593,SayHello,10000,16299
159337938,SayHello,10000,16400
159381407,SayHello,10000,16357
159401558,SayHello,10000,16421
159564235,SayHello,10000,16229
159672618,SayHello,10000,16224
159979205,SayHello,10000,16357
160062210,SayHello,10000,16392
160112305,SayHello,10000,16269
160459119,SayHello,10000,16363
160466056,SayHello,10000,16422
160586713,SayHello,10000,16575
160618931,SayHello,10000,16393
160761111,SayHello,10000,16353
160772891,SayHello,10000,16354
160815445,SayHello,10000,16423
160902386,SayHello,10000,16350
160966272,SayHello,10000,16398
161147585,SayHello,10000,16385
161190265,SayHello,10000,16327
161342845,SayHello,10000,16406
161356955,SayHello,10000,16385
161390048,SayHello,10000,16346
161470071,SayHello,10000,16362
161478894,SayHello,10000,16365
161488707,SayHello,10000,16360
161580921,SayHello,10000,16434
161628379,SayHello,10000,16613
161669600,SayHello,10000,16359
161795032,SayHello,10000,16340
161851008,SayHello,10000,16397
161902568,SayHello,10000,16327
162094316,SayHello,10000,16402
162117647,SayHello,10000,16359
162153263,SayHello,10000,16317
162171247,SayHello,10000,16410
162213518,SayHello,10000,16344
162242870,SayHello,10000,16350
162553947,SayHello,10000,16379
162621072,SayHello,10000,16412
162737472,SayHello,10000,16392
162994478,SayHello,10000,16339
163006820,SayHello,10000,16208
163161434,SayHello,10000,16353
163199577,SayHello,10000,16810
163300032,SayHello,10000,16423
163499681,SayHello,10000,16249
163509319,SayHello,10000,16352
163562310,SayHello,10000,16347
163589312,SayHello,10000,16225
163675040,SayHello,10000,16296
163751659,SayHello,10000,16325
163831487,SayHello,10000,16398
163838758,SayHello,10000,16374
164163524,SayHello,10000,16400
164170788,SayHello,10000,16340
164197034,SayHello,10000,16309
164330936,SayHello,10000,16458
164405542,SayHello,10000,16385
164448244,SayHello,10000,16389
164479453,SayHello,10000,16303
164490514,SayHello,10000,16203
164625545,SayHello,10000,16393
164628473,SayHello,10000,16394
164659448,SayHello,10000,16345
164707833,SayHello,10000,16365
164734520,SayHello,10000,16454
164754529,SayHello,10000,16198
164860955,SayHello,10000,16201
164930172,SayHello,10000,16228
165125404,SayHello,10000,16390
165147246,SayHello,10000,16286
165157048,SayHello,10000,16226
165226471,SayHello,10000,16278
165328049,SayHello,10000,16393
165492255,SayHello,10000,16381
165629451,SayHello,10000,16228
165649694,SayHello,10000,16360
165702055,SayHello,10000,16451
165842333,SayHello,10000,16407
165990207,SayHello,10000,16201
166107015,SayHello,10000,16320
166213000,SayHello,10000,16246
166269369,SayHello,10000,16397
166330747,SayHello,10000,16207
166342740,SayHello,10000,16445
166649214,SayHello,10000,16630
166733349,SayHello,10000,16420
166797050,SayHello,10000,16353
166988219,SayHello,10000,16543
167145972,SayHello,10000,16452
167534349,SayHello,10000,16339
167560816,SayHello,10000,16295
167634504,SayHello,10000,16337
167683222,SayHello,10000,16197
167718611,SayHello,10000,16234
167808866,SayHello,10000,16306
167810025,SayHello,10000,16334
167865421,SayHello,10000,16397
167974416,SayHello,10000,16781
168003760,SayHello,10000,16261
168054856,SayHello,10000,16427
168132687,SayHello,10000,16395
168140698,SayHello,10000,16388
168141931,SayHello,10000,16385
168200194,SayHello,10000,16371
168212416,SayHello,10000,16361
168253198,SayHello,10000,16362
168416720,SayHello,10000,16394
168428799,SayHello,10000,16716
168472784,SayHello,10000,16224
168505014,SayHello,10000,16336
168515502,SayHello,10000,16200
168624148,SayHello,10000,16462
168891435,SayHello,10000,16323
169050713,SayHello,10000,16211
169241938,SayHello,10000,16428
169246876,SayHello,10000,16370
169259857,SayHello,10000,16242
169285241,SayHello,10000,16405
169500090,SayHello,10000,16386
169562065,SayHello,10000,16360
169855276,SayHello,10000,16262
169910524,SayHello,10000,16211
169954498,SayHello,10000,16342
170012616,SayHello,10000,16340
170027780,SayHello,10000,16324
170245795,SayHello,10000,16397
170258161,SayHello,10000,16214
170265332,SayHello,10000,16231
170415456,SayHello,10000,16332
170423400,SayHello,10000,16332
170486415,SayHello,10000,16315
170554734,SayHello,10000,16270
170593102,SayHello,10000,16384
170612239,SayHello,10000,16392
170833536,SayHello,10000,16445
170915616,SayHello,10000,16223
171054987,SayHello,10000,16335
171057849,SayHello,10000,16397
171103511,SayHello,10000,16202
171123110,SayHello,10000,16398
171134297,SayHello,10000,16338
171188614,SayHello,10000,16458
171229636,SayHello,10000,16324
171325936,SayHello,10000,16241
171354736,SayHello,10000,16342
171394155,SayHello,10000,16326
171403240,SayHello,10000,16223
171436223,SayHello,10000,16347
171516115,SayHello,10000,16230
171550494,SayHello,10000,16232
171630807,SayHello,10000,16344
171683268,SayHello,10000,16328
171721185,SayHello,10000,16356
171803919,SayHello,10000,16516
171876290,SayHello,10000,16324
171919688,SayHello,10000,16323
171956845,SayHello,10000,16601
171972361,SayHello,10000,16227
172046115,SayHello,10000,16367
172056197,SayHello,10000,16418
172075073,SayHello,10000,16394
172115983,SayHello,10000,16391
172175380,SayHello,10000,16243
172191213,SayHello,10000,16391
172205380,SayHello,10000,16365
172693522,SayHello,10000,16412
172736270,SayHello,10000,16242
172896573,SayHello,10000,16370
173023120,SayHello,10000,16337
173173423,SayHello,10000,16429
173272581,SayHello,10000,16352
173315926,SayHello,10000,16366
173398079,SayHello,10000,16401
173455542,SayHello,10000,16421
173464295,SayHello,10000,16363
173476134,SayHello,10000,16247
173522709,SayHello,10000,16429
173557791,SayHello,10000,16341
173608398,SayHello,10000,16200
173637281,SayHello,10000,16373
173666765,SayHello,10000,16425
173774675,SayHello,10000,16396
173833108,SayHello,10000,16342
173903092,SayHello,10000,16357
173951134,SayHello,10000,16418
173951987,SayHello,10000,16416
174002483,SayHello,10000,16421
174039382,SayHello,10000,16200
174237418,SayHello,10000,16393
174272785,SayHello,10000,16384
174333669,SayHello,10000,16355
174337274,SayHello,10000,16382
174409665,SayHello,10000,16229
174454054,SayHello,10000,16391
174580836,SayHello,10000,16373
174601505,SayHello,10000,16368
174659607,SayHello,10000,16385
174666483,SayHello,10000,16350
174710741,SayHello,10000,16267
174951999,SayHello,10000,16327
175021223,SayHello,10000,16304
175045599,SayHello,10000,16207
175102323,SayHello,10000,16756
175120903,SayHello,10000,16366
175132145,SayHello,10000,16328
175157006,SayHello,10000,16349
175351672,SayHello,10000,16223
175414316,SayHello,10000,16371
175473029,SayHello,10000,16660
175567822,SayHello,10000,16360
175658190,SayHello,10000,16296
175745673,SayHello,10000,16373
175859562,SayHello,10000,16339
175862290,SayHello,10000,16343
175948474,SayHello,10000,16394
176009079,SayHello,10000,16391
176126609,SayHello,10000,16219
176204458,SayHello,10000,16418
176353836,SayHello,10000,16451
176360346,SayHello,10000,16450
176390897,SayHello,10000,16331
176432911,SayHello,10000,16317
176486896,SayHello,10000,16340
176510054,SayHello,10000,16273
176633812,SayHello,10000,16391
176687113,SayHello,10000,16363
176738776,SayHello,10000,16227
176743895,SayHello,10000,16398
176748271,SayHello,10000,16351
176784048,SayHello,10000,16341
176926008,SayHello,10000,16224
177023284,SayHello,10000,16535
177117791,SayHello,10000,16398
177417458,SayHello,10000,16358
177712752,SayHello,10000,16389
177795782,SayHello,10000,16361
178041290,SayHello,10000,16386
178072263,SayHello,10000,16361
178242304,SayHello,10000,16399
178267753,SayHello,10000,16419
178304688,SayHello,10000,16411
178424458,SayHello,10000,16229
178489639,SayHello,10000,16424
178504375,SayHello,10000,16386
178660265,SayHello,10000,16366
178709932,SayHello,10000,16437
178766930,SayHello,10000,16323
178911487,SayHello,10000,16356
179127223,SayHello,10000,16352
179277635,SayHello,10000,16390
179277679,SayHello,10000,16242
179349513,SayHello,10000,16556
179535292,SayHello,10000,16711
179701414,SayHello,10000,16341
179822433,SayHello,10000,16398
180077512,SayHello,10000,16243
180218576,SayHello,10000,16344
180344382,SayHello,10000,16419
180394183,SayHello,10000,16237
180648688,SayHello,10000,16380
180673736,SayHello,10000,16388
180699692,SayHello,10000,16320
180719690,SayHello,10000,16364
180874066,SayHello,10000,16396
180960543,SayHello,10000,16422
181105920,SayHello,10000,16364
181171685,SayHello,10000,16392
181174907,SayHello,10000,16227
181226579,SayHello,10000,16418
181351244,SayHello,10000,16395
181394984,SayHello,10000,16398
181533352,SayHello,10000,16421
181567456,SayHello,10000,16366
181690949,SayHello,10000,16213
181787262,SayHello,10000,16427
181863949,SayHello,10000,16467
181923853,SayHello,10000,16602
181973486,SayHello,10000,16400
182417237,SayHello,10000,16277
182418761,SayHello,10000,16421
182503094,SayHello,10000,16221
182527406,SayHello,10000,16312
182810842,SayHello,10000,16477
182845832,SayHello,10000,16374
182867941,SayHello,10000,16370
182938396,SayHello,10000,16393
183030019,SayHello,10000,16344
183066796,SayHello,10000,16365
183109278,SayHello,10000,16428
183127002,SayHello,10000,16211
183201104,SayHello,10000,16364
183225540,SayHello,10000,16536
183242842,SayHello,10000,16421
183414304,SayHello,10000,16350
183419938,SayHello,10000,16347
183432386,SayHello,10000,16419
183517863,SayHello,10000,16421
183650775,SayHello,10000,16220
183805689,SayHello,10000,16402
183808250,SayHello,10000,16354
183831037,SayHello,10000,16328
184022736,SayHello,10000,16537
184089895,SayHello,10000,16372
184128346,SayHello,10000,16280
184306007,SayHello,10000,16315
184378934,SayHello,10000,16373
184437701,SayHello,10000,16202
184687990,SayHello,10000,16364
184712132,SayHello,10000,16247
184739612,SayHello,10000,16409
184783436,SayHello,10000,16391
184785743,SayHello,10000,16440
184807437,SayHello,10000,16421
184825051,SayHello,10000,16391
185078605,SayHello,10000,16306
185122054,SayHello,10000,16426
185125256,SayHello,10000,16228
185185807,SayHello,10000,16433
185197213,SayHello,10000,16365
185271532,SayHello,10000,16208
185296072,SayHello,10000,16286
185324304,SayHello,10000,16355
185358985,SayHello,10000,16339
185371325,SayHello,10000,16281
185390748,SayHello,10000,16210
185449041,SayHello,10000,16206
185485365,SayHello,10000,16224
185691397,SayHello,10000,16347
185841644,SayHello,10000,16412
186062188,SayHello,10000,16357
186112173,SayHello,10000,16392
186124141,SayHello,10000,16374
186202393,SayHello,10000,16349
186268905,SayHello,10000,16365
186737067,SayHello,10000,16378
186831778,SayHello,10000,16210
186996286,SayHello,10000,16357
187027262,SayHello,10000,16333
187059668,SayHello,10000,16204
187178594,SayHello,10000,16401
187232928,SayHello,10000,16453
187301566,SayHello,10000,16243
187490469,SayHello,10000,16301
187555029,SayHello,10000,16333
187608231,SayHello,10000,16347
187673755,SayHello,10000,16215
187697945,SayHello,10000,16444
187874354,SayHello,10000,16368
187882599,SayHello,10000,16205
188032977,SayHello,10000,16349
188088957,SayHello,10000,16391
188366965,SayHello,10000,16235
188559443,SayHello,10000,16354
188641725,SayHello,10000,16328
188690757,SayHello,10000,16389
188700274,SayHello,10000,16344
188761737,SayHello,10000,16299
188839361,SayHello,10000,16230
188949599,SayHello,10000,16348
189001265,SayHello,10000,16302
189038300,SayHello,10000,16338
189130070,SayHello,10000,16221
189420672,SayHello,10000,16255
189525740,SayHello,10000,16366
189649053,SayHello,10000,16363
189833946,SayHello,10000,16345
189885761,SayHello,10000,16430
189918287,SayHello,10000,16343
190077718,SayHello,10000,16441
190081829,SayHello,10000,16368
190088728,SayHello,10000,16402
190120986,SayHello,10000,16429
190132147,SayHello,10000,16482
190176097,SayHello,10000,16242
190185406,SayHello,10000,16358
190266457,SayHello,10000,16334
190773883,SayHello,10000,16281
190857257,SayHello,10000,16337
190926869,SayHello,10000,16348
191300371,SayHello,10000,16349
191301407,SayHello,10000,16424
191308614,SayHello,10000,16215
191375869,SayHello,10000,16330
191391834,SayHello,10000,16337
191523231,SayHello,10000,16559
191544607,SayHello,10000,16220
191627155,SayHello,10000,16391
191773181,SayHello,10000,16229
191784565,SayHello,10000,16197
191885842,SayHello,10000,16433
191891549,SayHello,10000,16426
192271232,SayHello,10000,16230
192330389,SayHello,10000,16377
192434576,SayHello,10000,16393
192452147,SayHello,10000,16349
192469735,SayHello,10000,16352
192759226,SayHello,10000,16430
192773933,SayHello,10000,16333
192811758,SayHello,10000,16272
192876194,SayHello,10000,16351
192919639,SayHello,10000,16328
193035869,SayHello,10000,16326
193053270,SayHello,10000,16350
193161446,SayHello,10000,16440
193259694,SayHello,10000,16401
193304752,SayHello,10000,16362
193428211,SayHello,10000,16331
193451698,SayHello,10000,16399
193551648,SayHello,10000,16432
193587292,SayHello,10000,16227
193605723,SayHello,10000,16222
193657994,SayHello,10000,16373
193999518,SayHello,10000,16384
194104422,SayHello,10000,16388
194107869,SayHello,10000,16623
194129769,SayHello,10000,16532
194149462,SayHello,10000,16290
194169103,SayHello,10000,16365
194248977,SayHello,10000,16354
194316835,SayHello,10000,16217
194369326,SayHello,10000,16363
194733667,SayHello,10000,16331
194758813,SayHello,10000,16386
194864312,SayHello,10000,16377
194885420,SayHello,10000,16382
194904787,SayHello,10000,16327
195066771,SayHello,10000,16511
195193656,SayHello,10000,16326
195254981,SayHello,10000,16312
195281885,SayHello,10000,16353
195302391,SayHello,10000,16399
195343166,SayHello,10000,16334
195374997,SayHello,10000,16492
195461706,SayHello,10000,16364
195539944,SayHello,10000,16196
195594996,SayHello,10000,16330
195603773,SayHello,10000,16433
195633638,SayHello,10000,16366
195871744,SayHello,10000,16352
196003109,SayHello,10000,16400
196105800,SayHello,10000,16230
196205111,SayHello,10000,16530
196411021,SayHello,10000,16358
196452709,SayHello,10000,16243
196618959,SayHello,10000,16394
196661745,SayHello,10000,16450
196832634,SayHello,10000,16389
196899769,SayHello,10000,16673
196984002,SayHello,10000,16387
197043048,SayHello,10000,16362
197108740,SayHello,10000,16269
197109102,SayHello,10000,16327
197125191,SayHello,10000,16542
197214031,SayHello,10000,16661
197225692,SayHello,10000,16362
197275410,SayHello,10000,16371
197448583,SayHello,10000,16261
197479811,SayHello,10000,16344
197504332,SayHello,10000,16363
197575374,SayHello,10000,16378
197905841,SayHello,10000,16234
198013657,SayHello,10000,16510
198126710,SayHello,10000,16402
198225756,SayHello,10000,16345
198305266,SayHello,10000,16308
198403569,SayHello,10000,16305
198406946,SayHello,10000,16215
198509581,SayHello,10000,16345
198529770,SayHello,10000,16230
198705310,SayHello,10000,16356
198812682,SayHello,10000,16222
198925134,SayHello,10000,16379
199097444,SayHello,10000,16329
199234819,SayHello,10000,16201
199319217,SayHello,10000,16226
199480181,SayHello,10000,16383
199591240,SayHello,10000,16413
199869005,SayHello,10000,16329
199946730,SayHello,10000,16364
200002635,SayHello,10000,16227
200024161,SayHello,10000,16353
200219176,SayHello,10000,16366
200219637,SayHello,10000,16342
200223281,SayHello,10000,16375
200286997,SayHello,10000,16347
200304735,SayHello,10000,16335
200337186,SayHello,10000,16362
200391197,SayHello,10000,16322
200473723,SayHello,10000,16385
200650090,SayHello,10000,16199
200697788,SayHello,10000,16202
200855075,SayHello,10000,16368
200889588,SayHello,10000,16343
201131377,SayHello,10000,16422
201179839,SayHello,10000,16380
201187578,SayHello,10000,16388
201207528,SayHello,10000,16607
201383421,SayHello,10000,16352
201409609,SayHello,10000,16392
201436150,SayHello,10000,16300
201646691,SayHello,10000,16354
201666033,SayHello,10000,16394
201937168,SayHello,10000,16351
202091663,SayHello,10000,16391
202200770,SayHello,10000,16359
202271966,SayHello,10000,16359
202305158,SayHello,10000,16266
202315069,SayHello,10000,16357
202334444,SayHello,10000,16241
202340740,SayHello,10000,16336
202344015,SayHello,10000,16419
202419700,SayHello,10000,16392
202479471,SayHello,10000,16409
202731180,SayHello,10000,16228
202804729,SayHello,10000,16375
202986106,SayHello,10000,16343
203015462,SayHello,10000,16267
203203935,SayHello,10000,16333
203258540,SayHello,10000,16397
203310026,SayHello,10000,16427
203347577,SayHello,10000,16352
203414373,SayHello,10000,16200
203416957,SayHello,10000,16383
203551414,SayHello,10000,16323
203773035,SayHello,10000,16245
203841017,SayHello,10000,16366
203949654,SayHello,10000,16393
203954618,SayHello,10000,16393
204033848,SayHello,10000,16362
204270453,SayHello,10000,16329
204320898,SayHello,10000,16231
204464344,SayHello,10000,16381
204487564,SayHello,10000,16243
204707048,SayHello,10000,16229
205013380,SayHello,10000,16525
205136485,SayHello,10000,16381
205227254,SayHello,10000,16393
205339861,SayHello,10000,16362
205475066,SayHello,10000,16866
205591958,SayHello,10000,16338
205597779,SayHello,10000,16435
205621979,SayHello,10000,16395
205632359,SayHello,10000,16304
205666525,SayHello,10000,16422
205781582,SayHello,10000,16605
205837643,SayHello,10000,16332
205874927,SayHello,10000,16344
205880952,SayHello,10000,16344
205958981,SayHello,10000,16336
206122435,SayHello,10000,16377
206224879,SayHello,10000,16398
206374704,SayHello,10000,16224
206391602,SayHello,10000,16343
206414465,SayHello,10000,16394
206496022,SayHello,10000,16393
206516213,SayHello,10000,16222
206598855,SayHello,10000,16398
206641404,SayHello,10000,16429
206686361,SayHello,10000,16612
206713211,SayHello,10000,16339
206801508,SayHello,10000,16254
206846931,SayHello,10000,16403
206849609,SayHello,10000,16430
207051211,SayHello,10000,16335
207051642,SayHello,10000,16232
207164293,SayHello,10000,16226
207175247,SayHello,10000,16200
207227047,SayHello,10000,16393
207352452,SayHello,10000,16354
207379310,SayHello,10000,16370
207423642,SayHello,10000,16332
207545476,SayHello,10000,16384
207561794,SayHello,10000,16578
207581352,SayHello,10000,16401
207596403,SayHello,10000,16334
207611421,SayHello,10000,16396
207677358,SayHello,10000,16351
207682320,SayHello,10000,16326
207711293,SayHello,10000,16346
207827820,SayHello,10000,16229
207979222,SayHello,10000,16308
208264833,SayHello,10000,16391
208307187,SayHello,10000,16214
208395891,SayHello,10000,16352
208497238,SayHello,10000,16365
208538734,SayHello,10000,16354
208591580,SayHello,10000,16229
208631542,SayHello,10000,16393
208701919,SayHello,10000,16338
208776176,SayHello,10000,16333
208808567,SayHello,10000,16350
208979676,SayHello,10000,16428
208986247,SayHello,10000,16226
208991016,SayHello,10000,16344
209037934,SayHello,10000,16390
209178893,SayHello,10000,16336
209213397,SayHello,10000,16364
209224810,SayHello,10000,16324
209355982,SayHello,10000,16421
209386632,SayHello,10000,16195
209443957,SayHello,10000,16423
209672048,SayHello,10000,16262
209875443,SayHello,10000,16205
209974185,SayHello,10000,16345
210043826,SayHello,10000,16368
210108893,SayHello,10000,16424
210133888,SayHello,10000,16336
210245727,SayHello,10000,16297
210255182,SayHello,10000,16220
210284150,SayHello,10000,16243
210381338,SayHello,10000,16300
210418147,SayHello,10000,16389
210535477,SayHello,10000,16342
210678075,SayHello,10000,16427
210760403,SayHello,10000,16449
210822446,SayHello,10000,16207
210828436,SayHello,10000,16397
210954604,SayHello,10000,16323
211090302,SayHello,10000,16343
211159768,SayHello,10000,16365
211175617,SayHello,10000,16382
211265066,SayHello,10000,16325
211296963,SayHello,10000,16350
211336900,SayHello,10000,16426
211388626,SayHello,10000,16378
211511933,SayHello,10000,16289
211551361,SayHello,10000,16369
211626686,SayHello,10000,16307
211682284,SayHello,10000,16327
211752217,SayHello,10000,16383
211754806,SayHello,10000,16364
211760158,SayHello,10000,16350
211964123,SayHello,10000,16310
212023026,SayHello,10000,16298
212162020,SayHello,10000,16329
212320680,SayHello,10000,16391
212438421,SayHello,10000,16351
212460500,SayHello,10000,16227
212489390,SayHello,10000,16377
212557092,SayHello,10000,16529
212582434,SayHello,10000,16414
212665655,SayHello,10000,16349
212796371,SayHello,10000,16294
212810705,SayHello,10000,16340
212813604,SayHello,10000,16382
212816522,SayHello,10000,16362
212816653,SayHello,10000,16349
212860054,SayHello,10000,16296
212993329,SayHello,10000,16392
213022493,SayHello,10000,16368
213090876,SayHello,10000,16391
213095289,SayHello,10000,16400
213351676,SayHello,10000,16330
213352704,SayHello,10000,16434
213459648,SayHello,10000,16265
213536172,SayHello,10000,16310
213549969,SayHello,10000,16392
213556313,SayHello,10000,16433
213780325,SayHello,10000,16357
213874347,SayHello,10000,16399
213886210,SayHello,10000,16503
213995144,SayHello,10000,16355
213999410,SayHello,10000,16209
214097273,SayHello,10000,16254
214125404,SayHello,10000,16232
214241693,SayHello,10000,16356
214269286,SayHello,10000,16406
214385597,SayHello,10000,16442
214402540,SayHello,10000,16436
214474862,SayHello,10000,16337
214622835,SayHello,10000,16347
214815032,SayHello,10000,16217
214882857,SayHello,10000,16442
215128498,SayHello,10000,16349
215229032,SayHello,10000,16204
215263529,SayHello,10000,16215
215360936,SayHello,10000,16442
215360982,SayHello,10000,16244
215621936,SayHello,10000,16716
215649034,SayHello,10000,16367
215657302,SayHello,10000,16312
215727140,SayHello,10000,16279
215746257,SayHello,10000,16360
215763093,SayHello,10000,16446
215927406,SayHello,10000,16205
215972344,SayHello,10000,16305
216244086,SayHello,10000,16332
216293551,SayHello,10000,16436
216362598,SayHello,10000,16200
216391166,SayHello,10000,16390
216432736,SayHello,10000,16346
216594082,SayHello,10000,16346
216658718,SayHello,10000,16429
216675152,SayHello,10000,16307
216970379,SayHello,10000,16348
217023378,SayHello,10000,16386
217088068,SayHello,10000,16344
217189994,SayHello,10000,16351
217297196,SayHello,10000,16306
217547201,SayHello,10000,16336
217615781,SayHello,10000,16388
217655602,SayHello,10000,16389
217674571,SayHello,10000,16326
217736985,SayHello,10000,16213
217784353,SayHello,10000,16363
217798755,SayHello,10000,16323
217835011,SayHello,10000,16366
217882560,SayHello,10000,16235
217932436,SayHello,10000,16226
218234799,SayHello,10000,16247
218307817,SayHello,10000,16457
218311500,SayHello,10000,16460
218351007,SayHello,10000,16245
218402844,SayHello,10000,16287
218463399,SayHello,10000,16428
218529577,SayHello,10000,16409
218621006,SayHello,10000,16228
218718338,SayHello,10000,16335
218809821,SayHello,10000,16429
219039874,SayHello,10000,16220
219061946,SayHello,10000,16374
219181961,SayHello,10000,16360
219212892,SayHello,10000,16357
219256964,SayHello,10000,16354
219498279,SayHello,10000,16425
219590393,SayHello,10000,16376
219649917,SayHello,10000,16227
219711430,SayHello,10000,16223
219734590,SayHello,10000,16661
219760851,SayHello,10000,16377
219805626,SayHello,10000,16393
219844429,SayHello,10000,16372
220014416,SayHello,10000,16296
220044629,SayHello,10000,16449
220290989,SayHello,10000,16379
220326476,SayHello,10000,16377
220383654,SayHello,10000,16442
220793376,SayHello,10000,16405
220799458,SayHello,10000,16322
220914003,SayHello,10000,16441
220986103,SayHello,10000,16279
221067044,SayHello,10000,16397
221151838,SayHello,10000,16347
221270432,SayHello,10000,16362
221394879,SayHello,10000,16428
221406206,SayHello,10000,16332
221443376,SayHello,10000,16255
221485114,SayHello,10000,16348
221490493,SayHello,10000,16333
221526491,SayHello,10000,16384
221531369,SayHello,10000,16391
221548959,SayHello,10000,16267
221627496,SayHello,10000,16343
221735381,SayHello,10000,16582
221790033,SayHello,10000,16537
222155954,SayHello,10000,16215
222347708,SayHello,10000,16566
222376842,SayHello,10000,16421
222548065,SayHello,10000,16353
222642197,SayHello,10000,16373
222738708,SayHello,10000,16373
222881173,SayHello,10000,16225
222919018,SayHello,10000,16427
222988463,SayHello,10000,16415
223124076,SayHello,10000,16361
223135097,SayHello,10000,16508
223203061,SayHello,10000,16418
223389131,SayHello,10000,16224
223503392,SayHello,10000,16201
223519499,SayHello,10000,16225
223622510,SayHello,10000,16421
223821744,SayHello,10000,16364
223824305,SayHello,10000,16571
223936077,SayHello,10000,16430
223939176,SayHello,10000,16217
224055062,SayHello,10000,16360
224060479,SayHello,10000,16435
224115842,SayHello,10000,16362
224359996,SayHello,10000,16352
224371918,SayHello,10000,16382
224533205,SayHello,10000,16225
224574202,SayHello,10000,16350
224588624,SayHello,10000,16339
224590031,SayHello,10000,16348
224592488,SayHello,10000,16409
224613486,SayHello,10000,16368
224707217,SayHello,10000,16322
224811336,SayHello,10000,16231
224858319,SayHello,10000,16328
224914232,SayHello,10000,16399
225037658,SayHello,10000,16350
225100343,SayHello,10000,16413
225119970,SayHello,10000,16220
225152363,SayHello,10000,16226
225154828,SayHello,10000,16199
225156095,SayHello,10000,16421
225156392,SayHello,10000,16378
225174721,SayHello,10000,16445
225182359,SayHello,10000,16370
225217532,SayHello,10000,16404
225275142,SayHello,10000,16375
225378661,SayHello,10000,16336
225395239,SayHello,10000,16332
225562061,SayHello,10000,16394
225716854,SayHello,10000,16656
225747721,SayHello,10000,16331
225794333,SayHello,10000,16346
225826689,SayHello,10000,16367
225838825,SayHello,10000,16401
225873556,SayHello,10000,16357
225949106,SayHello,10000,16348
226251980,SayHello,10000,16241
226297115,SayHello,10000,16319
226313822,SayHello,10000,16363
226528605,SayHello,10000,16403
226634934,SayHello,10000,16298
226675787,SayHello,10000,16528
226693039,SayHello,10000,16389
226847071,SayHello,10000,16324
226868714,SayHello,10000,16394
227016270,SayHello,10000,16439
227038111,SayHello,10000,16276
227198499,SayHello,10000,16392
227339502,SayHello,10000,16486
227442984,SayHello,10000,16434
227520324,SayHello,10000,16390
227628824,SayHello,10000,16305
227719794,SayHello,10000,16222
227800573,SayHello,10000,16392
227887967,SayHello,10000,16326
227899555,SayHello,10000,16368
228020432,SayHello,10000,16397
228221487,SayHello,10000,16374
228260869,SayHello,10000,16333
228401801,SayHello,10000,16339
228602531,SayHello,10000,16241
228629055,SayHello,10000,16836
228777098,SayHello,10000,16302
228783920,SayHello,10000,16228
228840436,SayHello,10000,16225
228884072,SayHello,10000,16418
228939414,SayHello,10000,16456
228941515,SayHello,10000,16364
228946600,SayHello,10000,16343
228955896,SayHello,10000,16321
229115283,SayHello,10000,16345
229269452,SayHello,10000,16372
229357112,SayHello,10000,16332
229634074,SayHello,10000,16447
229922305,SayHello,10000,16419
229989204,SayHello,10000,16324
230036253,SayHello,10000,16415
230158256,SayHello,10000,16270
230170944,SayHello,10000,16437
230228218,SayHello,10000,16210
230243121,SayHello,10000,16400
230335955,SayHello,10000,16364
230357441,SayHello,10000,16354
230381216,SayHello,10000,16438
230385910,SayHello,10000,16389
230436342,SayHello,10000,16364
230480552,SayHello,10000,16351
230509364,SayHello,10000,16380
230620875,SayHello,10000,16459
230670936,SayHello,10000,16358
230689026,SayHello,10000,16338
230852224,SayHello,10000,16503
231018600,SayHello,10000,16225
231320516,SayHello,10000,16211
231485675,SayHello,10000,16433
231539628,SayHello,10000,16377
231641184,SayHello,10000,16435
231646735,SayHello,10000,16323
231947605,SayHello,10000,16428
231989519,SayHello,10000,16205
231994849,SayHello,10000,16388
232037780,SayHello,10000,16424
232061606,SayHello,10000,16324
232075787,SayHello,10000,16352
232097710,SayHello,10000,16393
232441730,SayHello,10000,16363
232448428,SayHello,10000,16548
232631379,SayHello,10000,16318
233183937,SayHello,10000,16343
233189207,SayHello,10000,16247
233501138,SayHello,10000,16446
233540974,SayHello,10000,16325
233604865,SayHello,10000,16437
233694605,SayHello,10000,16389
233763795,SayHello,10000,16340
233855231,SayHello,10000,16351
233883258,SayHello,10000,16401
233977612,SayHello,10000,16382
234228573,SayHello,10000,16401
234316639,SayHello,10000,16306
234346557,SayHello,10000,16203
234445808,SayHello,10000,16351
234453234,SayHello,10000,16416
234532590,SayHello,10000,16429
234805197,SayHello,10000,16433
234961547,SayHello,10000,16419
235076598,SayHello,10000,16427
235191752,SayHello,10000,16394
235205428,SayHello,10000,16373
235419665,SayHello,10000,16360
235473488,SayHello,10000,16251
235799341,SayHello,10000,16219
235823022,SayHello,10000,16323
235904592,SayHello,10000,16415
235930894,SayHello,10000,16365
235955460,SayHello,10000,16401
236025841,SayHello,10000,16358
236051524,SayHello,10000,16395
236220830,SayHello,10000,16359
236233181,SayHello,10000,16379
236653306,SayHello,10000,16328
236683318,SayHello,10000,16204
236699038,SayHello,10000,16423
236823227,SayHello,10000,16333
236834488,SayHello,10000,16199
236847791,SayHello,10000,16334
237357324,SayHello,10000,16204
237434068,SayHello,10000,16400
237461819,SayHello,10000,16398
237497281,SayHello,10000,16408
237711879,SayHello,10000,16395
237714644,SayHello,10000,16393
237815415,SayHello,10000,16381
238026876,SayHello,10000,16391
238047881,SayHello,10000,16388
238125167,SayHello,10000,16332
238462800,SayHello,10000,16368
238614680,SayHello,10000,16202
238643223,SayHello,10000,16397
238715587,SayHello,10000,16344
238799534,SayHello,10000,16404
238813332,SayHello,10000,16426
238932450,SayHello,10000,16347
239091639,SayHello,10000,16369
239190195,SayHello,10000,16344
239274868,SayHello,10000,16301
239321139,SayHello,10000,16358
239385666,SayHello,10000,16331
239421977,SayHello,10000,16360
239456536,SayHello,10000,16334
239485160,SayHello,10000,16336
239566406,SayHello,10000,16314
239583982,SayHello,10000,16395
239638045,SayHello,10000,16324
239681478,SayHello,10000,16336
239906678,SayHello,10000,16412
239942778,SayHello,10000,16347
239996822,SayHello,10000,16391
240147517,SayHello,10000,16401
240215500,SayHello,10000,16336
240291357,SayHello,10000,16331
240422040,SayHello,10000,16331
240467821,SayHello,10000,16301
240469461,SayHello,10000,16366
240507247,SayHello,10000,16435
240553167,SayHello,10000,16389
240701486,SayHello,10000,16323
240747494,SayHello,10000,16362
240762498,SayHello,10000,16450
240764691,SayHello,10000,16564
240799650,SayHello,10000,16373
240857861,SayHello,10000,16369
240918787,SayHello,10000,16341
240940198,SayHello,10000,16254
241020656,SayHello,10000,16397
241105496,SayHello,10000,16207
241174651,SayHello,10000,16192
241202813,SayHello,10000,16421
241283910,SayHello,10000,16336
241307053,SayHello,10000,16316
241346657,SayHello,10000,16368
241425699,SayHello,10000,16377
241487902,SayHello,10000,16242
241589046,SayHello,10000,16392
241714662,SayHello,10000,16333
241759357,SayHello,10000,16364
241824923,SayHello,10000,16356
241871261,SayHello,10000,16425
241930586,SayHello,10000,16318
242274397,SayHello,10000,16250
242518325,SayHello,10000,16434
242526581,SayHello,10000,16277
242531345,SayHello,10000,16386
242588152,SayHello,10000,16263
242599474,SayHello,10000,16235
242631266,SayHello,10000,16427
242883573,SayHello,10000,16338
243045942,SayHello,10000,16334
243173744,SayHello,10000,16417
243301483,SayHello,10000,16315
243302488,SayHello,10000,16250
243430864,SayHello,10000,16215
243537718,SayHello,10000,16417
243550172,SayHello,10000,16391
243664579,SayHello,10000,16359
243668433,SayHello,10000,16627
243765432,SayHello,10000,16350
243913807,SayHello,10000,16330
244108436,SayHello,10000,16356
244151329,SayHello,10000,16416
244244422,SayHello,10000,16370
244296259,SayHello,10000,16355
244447796,SayHello,10000,16330
244478951,SayHello,10000,16417
244500302,SayHello,10000,16339
244630150,SayHello,10000,16354
244675480,SayHello,10000,16225
244701501,SayHello,10000,16371
244808226,SayHello,10000,16393
244903033,SayHello,10000,16449
244973272,SayHello,10000,16368
245307841,SayHello,10000,16414
245444921,SayHello,10000,16330
245507816,SayHello,10000,16274
245630244,SayHello,10000,16366
245703843,SayHello,10000,16427
245787341,SayHello,10000,16397
245804317,SayHello,10000,16248
245815991,SayHello,10000,16360
245816644,SayHello,10000,16377
245933415,SayHello,10000,16228
246110575,SayHello,10000,16226
246283750,SayHello,10000,16333
246310945,SayHello,10000,16357
246618028,SayHello,10000,16278
246819548,SayHello,10000,16339
246859083,SayHello,10000,16229
246909431,SayHello,10000,16335
246917487,SayHello,10000,16389
247008933,SayHello,10000,16230
247207781,SayHello,10000,16338
247212102,SayHello,10000,16427
247268867,SayHello,10000,16370
247279428,SayHello,10000,16362
247287916,SayHello,10000,16377
247328151,SayHello,10000,16343
247540815,SayHello,10000,16354
247548643,SayHello,10000,16373
247555028,SayHello,10000,16393
247582924,SayHello,10000,16418
247621073,SayHello,10000,16400
247649872,SayHello,10000,16272
247660649,SayHello,10000,16423
247669542,SayHello,10000,16840
247683264,SayHello,10000,16222
247838855,SayHello,10000,16363
247943599,SayHello,10000,16429
248405877,SayHello,10000,16347
248443659,SayHello,10000,16353
248522764,SayHello,10000,16450
248601819,SayHello,10000,16360
248615480,SayHello,10000,16344
248651984,SayHello,10000,16415
248712594,SayHello,10000,16420
248839670,SayHello,10000,16201
248951836,SayHello,10000,16347
249049571,SayHello,10000,16353
249060704,SayHello,10000,16557
249136177,SayHello,10000,16371
249264827,SayHello,10000,16359
249357567,SayHello,10000,16447
249571327,SayHello,10000,16205
249586734,SayHello,10000,16398
249631602,SayHello,10000,16430
249788193,SayHello,10000,16390
249788246,SayHello,10000,16300
249879299,SayHello,10000,16354
249983044,SayHello,10000,16363
250007214,SayHello,10000,16397
250230553,SayHello,10000,16441
250281334,SayHello,10000,16211
250379095,SayHello,10000,16365
250390801,SayHello,10000,16400
250470031,SayHello,10000,16346
250553676,SayHello,10000,16196
250566612,SayHello,10000,16353
250942542,SayHello,10000,16336
250971421,SayHello,10000,16366
251136141,SayHello,10000,16370
251224114,SayHello,10000,16335
251499181,SayHello,10000,16350
251965056,SayHello,10000,16349
252142299,SayHello,10000,16403
252364409,SayHello,10000,16347
252393634,SayHello,10000,16404
252428448,SayHello,10000,16437
252576347,SayHello,10000,16440
252582417,SayHello,10000,16399
252587930,SayHello,10000,16335
252603911,SayHello,10000,16428
252721777,SayHello,10000,16359
253076729,SayHello,10000,16325
253169957,SayHello,10000,16210
253178460,SayHello,10000,16227
253179825,SayHello,10000,16447
253200372,SayHello,10000,16539
253234435,SayHello,10000,16200
253237948,SayHello,10000,16246
253406974,SayHello,10000,16390
253473208,SayHello,10000,16354
253562478,SayHello,10000,16354
253577468,SayHello,10000,16362
253645907,SayHello,10000,16355
253809358,SayHello,10000,16357
253900692,SayHello,10000,16351
254054676,SayHello,10000,16378
254111913,SayHello,10000,16236
254196806,SayHello,10000,16363
254202965,SayHello,10000,16367
254550838,SayHello,10000,16363
254680887,SayHello,10000,16399
254759512,SayHello,10000,16275
254792441,SayHello,10000,16435
254838419,SayHello,10000,16390
254926050,SayHello,10000,16227
255028755,SayHello,10000,16353
255160991,SayHello,10000,16395
255213145,SayHello,10000,16357
255461044,SayHello,10000,16365
255835587,SayHello,10000,16249
255953776,SayHello,10000,16424
256142356,SayHello,10000,16290
256275797,SayHello,10000,16287
256554105,SayHello,10000,16356
256709379,SayHello,10000,16373
256759424,SayHello,10000,16232
256784706,SayHello,10000,16416
256874207,SayHello,10000,16371
256955287,SayHello,10000,16327
256998196,SayHello,10000,16342
257143549,SayHello,10000,17014
257177522,SayHello,10000,16415
257700982,SayHello,10000,16271
257885994,SayHello,10000,16645
257937398,SayHello,10000,16333
258072151,SayHello,10000,16212
258097032,SayHello,10000,16251
258341472,SayHello,10000,16330
258411289,SayHello,10000,16356
258470465,SayHello,10000,16373
258547467,SayHello,10000,16194
258562781,SayHello,10000,16356
258663469,SayHello,10000,16360
258674237,SayHello,10000,16332
258783835,SayHello,10000,16347
258815387,SayHello,10000,16333
258829011,SayHello,10000,16603
259123516,SayHello,10000,16208
259196123,SayHello,10000,16442
259210799,SayHello,10000,16392
259316401,SayHello,10000,16386
259335131,SayHello,10000,16375
259361813,SayHello,10000,16208
259432773,SayHello,10000,16327
259524041,SayHello,10000,16279
259717594,SayHello,10000,16387
259744544,SayHello,10000,16364
259797157,SayHello,10000,16444
259908640,SayHello,10000,16207
259922269,SayHello,10000,16382
259952114,SayHello,10000,16319
260142130,SayHello,10000,16350
260410207,SayHello,10000,16393
260580410,SayHello,10000,16395
260662825,SayHello,10000,16422
260748247,SayHello,10000,16618
260808827,SayHello,10000,16417
260967239,SayHello,10000,16419
261282127,SayHello,10000,16364
261394614,SayHello,10000,16654
261440992,SayHello,10000,16391
261605031,SayHello,10000,16347
261703063,SayHello,10000,16295
261803658,SayHello,10000,16353
261830270,SayHello,10000,16358
261863301,SayHello,10000,16304
262010955,SayHello,10000,16356
262108623,SayHello,10000,16258
262126344,SayHello,10000,16317
262160244,SayHello,10000,16321
262188274,SayHello,10000,16276
262221571,SayHello,10000,16359
262329906,SayHello,10000,16379
262356634,SayHello,10000,16423
262409960,SayHello,10000,16404
262687240,SayHello,10000,16381
262768961,SayHello,10000,16421
262810553,SayHello,10000,16347
262981013,SayHello,10000,16209
262991119,SayHello,10000,16336
263255869,SayHello,10000,16349
263363087,SayHello,10000,16205
263428647,SayHello,10000,16369
263563852,SayHello,10000,16342
263590874,SayHello,10000,16376
263829371,SayHello,10000,16345
263852885,SayHello,10000,16425
263965959,SayHello,10000,16360
264078690,SayHello,10000,16369
264142808,SayHello,10000,16390
264372664,SayHello,10000,16392
264435443,SayHello,10000,16365
264436534,SayHello,10000,16398
264440820,SayHello,10000,16366
264465550,SayHello,10000,16421
264528815,SayHello,10000,16426
264553885,SayHello,10000,16406
264660722,SayHello,10000,16412
264675677,SayHello,10000,16352
264706898,SayHello,10000,16218
264708162,SayHello,10000,16373
264712258,SayHello,10000,16258
264731488,SayHello,10000,16226
264812881,SayHello,10000,16335
264824841,SayHello,10000,16489
265046738,SayHello,10000,16352
265065919,SayHello,10000,16362
265070386,SayHello,10000,16347
265098280,SayHello,10000,16229
265098692,SayHello,10000,16381
265197706,SayHello,10000,16345
265468786,SayHello,10000,16359
265470017,SayHello,10000,16347
265638042,SayHello,10000,16223
265679676,SayHello,10000,16211
265707845,SayHello,10000,16415
265855189,SayHello,10000,16343
265864721,SayHello,10000,16347
265882266,SayHello,10000,16414
266003543,SayHello,10000,16303
266088568,SayHello,10000,16326
266095605,SayHello,10000,16392
266121622,SayHello,10000,16292
266184174,SayHello,10000,16387
266206833,SayHello,10000,16401
266252601,SayHello,10000,16249
266322094,SayHello,10000,16370
266450959,SayHello,10000,16236
266510511,SayHello,10000,16404
266515603,SayHello,10000,16350
266577339,SayHello,10000,16206
266619926,SayHello,10000,16393
266642185,SayHello,10000,16662
266674386,SayHello,10000,16366
266802812,SayHello,10000,16334
266808530,SayHello,10000,16314
266853863,SayHello,10000,16506
266897630,SayHello,10000,16334
266898433,SayHello,10000,16269
267237705,SayHello,10000,16353
267261745,SayHello,10000,16210
267472482,SayHello,10000,16202
267578994,SayHello,10000,16390
267594351,SayHello,10000,16316
267796523,SayHello,10000,16367
267813358,SayHello,10000,16416
267826302,SayHello,10000,16354
267912819,SayHello,10000,16556
267948066,SayHello,10000,16226
268096699,SayHello,10000,16372
268192564,SayHello,10000,16199
268440402,SayHello,10000,16318
268461460,SayHello,10000,16360
268508866,SayHello,10000,16367
268573100,SayHello,10000,16353
268601838,SayHello,10000,16218
268773907,SayHello,10000,16356
268916732,SayHello,10000,16204
268941732,SayHello,10000,16313
269011995,SayHello,10000,16342
269143396,SayHello,10000,16197
269155964,SayHello,10000,16350
269250848,SayHello,10000,16218
269435323,SayHello,10000,16408
269477316,SayHello,10000,16394
269505905,SayHello,10000,16412
269679581,SayHello,10000,16422
269937975,SayHello,10000,16216
269963910,SayHello,10000,16362
270271187,SayHello,10000,16390
270336279,SayHello,10000,16372
270362630,SayHello,10000,16461
270404171,SayHello,10000,16236
270607132,SayHello,10000,16198
270637836,SayHello,10000,16213
270672749,SayHello,10000,16399
270825904,SayHello,10000,16333
270840682,SayHello,10000,16400
270841905,SayHello,10000,16200
270883588,SayHello,10000,16215
270907004,SayHello,10000,16394
270973185,SayHello,10000,16468
271169057,SayHello,10000,16201
271196041,SayHello,10000,16522
271207076,SayHello,10000,16365
271548385,SayHello,10000,16384
271667930,SayHello,10000,16394
271693353,SayHello,10000,16392
271843242,SayHello,10000,16238
271882917,SayHello,10000,16379
271922603,SayHello,10000,16359
271958597,SayHello,10000,16347
272048260,SayHello,10000,16376
272108703,SayHello,10000,16364
272169860,SayHello,10000,16368
272494888,SayHello,10000,16253
272607563,SayHello,10000,16367
272792542,SayHello,10000,16393
272891084,SayHello,10000,16332
272900013,SayHello,10000,16328
272929249,SayHello,10000,16232
273082970,SayHello,10000,16655
273083094,SayHello,10000,16341
273392285,SayHello,10000,16403
273451540,SayHello,10000,16336
273487172,SayHello,10000,16443
273536440,SayHello,10000,16387
273544433,SayHello,10000,16384
273685904,SayHello,10000,16339
273698779,SayHello,10000,16201
273704296,SayHello,10000,16382
273796595,SayHello,10000,16350
273981573,SayHello,10000,16369
274098708,SayHello,10000,16340
274135529,SayHello,10000,16341
274153245,SayHello,10000,16352
274386411,SayHello,10000,16228
274510147,SayHello,10000,16395
274530813,SayHello,10000,16384
274707410,SayHello,10000,16352
274745041,SayHello,10000,16219
274958044,SayHello,10000,16357
274979699,SayHello,10000,16359
274981808,SayHello,10000,16370
275148638,SayHello,10000,16723
275184323,SayHello,10000,16458
275269537,SayHello,10000,16344
275301676,SayHello,10000,16409
275492464,SayHello,10000,16387
275734421,SayHello,10000,16390
275737641,SayHello,10000,16313
275771850,SayHello,10000,16368
275886298,SayHello,10000,16394
275903722,SayHello,10000,16751
276345448,SayHello,10000,16332
276637915,SayHello,10000,16394
276706713,SayHello,10000,16427
276798169,SayHello,10000,16316
276804258,SayHello,10000,16305
276806113,SayHello,10000,16393
276822914,SayHello,10000,16333
276874844,SayHello,10000,16429
276987737,SayHello,10000,16401
276988822,SayHello,10000,16353
277050898,SayHello,10000,16248
277133189,SayHello,10000,16333
277179068,SayHello,10000,16367
277288581,SayHello,10000,16348
277315915,SayHello,10000,16386
277326794,SayHello,10000,16355
277453666,SayHello,10000,16417
277524012,SayHello,10000,16380
277596198,SayHello,10000,16299
277660659,SayHello,10000,16390
277682891,SayHello,10000,16387
277778853,SayHello,10000,16432
277820013,SayHello,10000,16242
277904281,SayHello,10000,16227
277907495,SayHello,10000,16327
277956143,SayHello,10000,16275
278013927,SayHello,10000,16391
278023319,SayHello,10000,16227
278050992,SayHello,10000,16382
278244475,SayHello,10000,16305
278322474,SayHello,10000,16363
278728817,SayHello,10000,16352
278731002,SayHello,10000,16356
278993150,SayHello,10000,16654
279041989,SayHello,10000,16417
279044978,SayHello,10000,16352
279373776,SayHello,10000,16411
279391753,SayHello,10000,16355
279483675,SayHello,10000,16330
279719750,SayHello,10000,16364
279901428,SayHello,10000,16198
279939197,SayHello,10000,16207
279962697,SayHello,10000,16201
280102648,SayHello,10000,16373
280196264,SayHello,10000,16374
280240822,SayHello,10000,16318
280451413,SayHello,10000,16364
280649068,SayHello,10000,16518
280822553,SayHello,10000,16383
280938473,SayHello,10000,16391
281040125,SayHello,10000,16360
281050839,SayHello,10000,16359
281067393,SayHello,10000,16390
281073819,SayHello,10000,16394
281117683,SayHello,10000,16363
281180210,SayHello,10000,16237
281180280,SayHello,10000,16348
281345248,SayHello,10000,16388
281360251,SayHello,10000,16367
281470151,SayHello,10000,16468
281581363,SayHello,10000,16349
281740023,SayHello,10000,16440
281773277,SayHello,10000,16437
281836831,SayHello,10000,16363
282061019,SayHello,10000,16356
282085821,SayHello,10000,16210
282110921,SayHello,10000,16411
282244042,SayHello,10000,16396
282248837,SayHello,10000,16449
282385433,SayHello,10000,16358
282400706,SayHello,10000,16464
282649816,SayHello,10000,16398
282669372,SayHello,10000,16418
282699541,SayHello,10000,16242
282898292,SayHello,10000,16359
283262752,SayHello,10000,16309
283379621,SayHello,10000,16458
283404493,SayHello,10000,16429
283523655,SayHello,10000,16288
283600117,SayHello,10000,16421
283625581,SayHello,10000,16382
283626468,SayHello,10000,16362
283683193,SayHello,10000,16338
283796441,SayHello,10000,16324
283832472,SayHello,10000,16435
283891679,SayHello,10000,16369
283895460,SayHello,10000,16374
283908275,SayHello,10000,16355
283976883,SayHello,10000,16350
284182216,SayHello,10000,16336
284281156,SayHello,10000,16404
284391235,SayHello,10000,16434
284474180,SayHello,10000,16212
284587920,SayHello,10000,16347
284691638,SayHello,10000,16394
284828266,SayHello,10000,16417
284850169,SayHello,10000,16225
284968053,SayHello,10000,16305
285036251,SayHello,10000,16438
285145446,SayHello,10000,16423
285183213,SayHello,10000,16307
285194039,SayHello,10000,16253
285248227,SayHello,10000,16440
285253700,SayHello,10000,16427
285292482,SayHello,10000,16412
285405410,SayHello,10000,16431
285865345,SayHello,10000,16382
285909551,SayHello,10000,16323
285931876,SayHello,10000,16439
285934667,SayHello,10000,16223
285967006,SayHello,10000,16275
286048207,SayHello,10000,16335
286122847,SayHello,10000,16426
286527666,SayHello,10000,16381
286693837,SayHello,10000,16299
286723649,SayHello,10000,16348
286804227,SayHello,10000,16365
286842408,SayHello,10000,16336
286876494,SayHello,10000,16388
286960002,SayHello,10000,16403
287047603,SayHello,10000,16326
287061812,SayHello,10000,16680
287106731,SayHello,10000,16342
287353679,SayHello,10000,16195
287511422,SayHello,10000,16314
287547641,SayHello,10000,16397
287559729,SayHello,10000,16398
287801745,SayHello,10000,16414
287924848,SayHello,10000,16524
288364326,SayHello,10000,16198
288370468,SayHello,10000,16465
288490336,SayHello,10000,16273
288569207,SayHello,10000,16298
288573629,SayHello,10000,16331
288616319,SayHello,10000,16365
288707861,SayHello,10000,16436
288799834,SayHello,10000,16391
288983898,SayHello,10000,16449
289042833,SayHello,10000,16345
289052716,SayHello,10000,16223
289218736,SayHello,10000,16209
289330300,SayHello,10000,16215
289659806,SayHello,10000,16343
289688459,SayHello,10000,16245
289706444,SayHello,10000,16317
289737150,SayHello,10000,16393
289831637,SayHello,10000,16349
289926244,SayHello,10000,16281
290046013,SayHello,10000,16205
290228019,SayHello,10000,16374
290251714,SayHello,10000,16434
290280225,SayHello,10000,16394
290401179,SayHello,10000,16230
290416944,SayHello,10000,16380
290481667,SayHello,10000,16388
290524932,SayHello,10000,16409
290550009,SayHello,10000,16413
290586460,SayHello,10000,16285
290648942,SayHello,10000,16389
290716758,SayHello,10000,16198
290794688,SayHello,10000,16231
290801629,SayHello,10000,16392
290920822,SayHello,10000,16397
290987283,SayHello,10000,16200
291016006,SayHello,10000,16378
291212633,SayHello,10000,16394
291285601,SayHello,10000,16230
291336864,SayHello,10000,16247
291625804,SayHello,10000,16446
291733648,SayHello,10000,16396
291764999,SayHello,10000,16357
291771148,SayHello,10000,16264
292109060,SayHello,10000,16201
292130195,SayHello,10000,16369
292183370,SayHello,10000,16329
292478653,SayHello,10000,16326
292509457,SayHello,10000,16413
292669801,SayHello,10000,16740
292677426,SayHello,10000,16595
292690031,SayHello,10000,16375
292698956,SayHello,10000,16357
292756323,SayHello,10000,16359
292769881,SayHello,10000,16427
292787521,SayHello,10000,16342
292990053,SayHello,10000,16394
292999738,SayHello,10000,16392
293029606,SayHello,10000,16337
293217663,SayHello,10000,16323
293247817,SayHello,10000,16348
293306556,SayHello,10000,16352
293461031,SayHello,10000,16348
293537218,SayHello,10000,16387
293572782,SayHello,10000,16270
293729138,SayHello,10000,16356
293847572,SayHello,10000,16403
293904112,SayHello,10000,16796
294046491,SayHello,10000,16400
294204976,SayHello,10000,16367
294289951,SayHello,10000,16312
294434323,SayHello,10000,16200
294466137,SayHello,10000,16224
294750973,SayHello,10000,16396
294771679,SayHello,10000,16303
295109903,SayHello,10000,16384
295117494,SayHello,10000,16284
295126887,SayHello,10000,16391
295232041,SayHello,10000,16342
295277019,SayHello,10000,16373
295491313,SayHello,10000,16224
295606731,SayHello,10000,16334
295623294,SayHello,10000,16358
295776045,SayHello,10000,16318
295782843,SayHello,10000,16345
295805789,SayHello,10000,16336
295816938,SayHello,10000,16366
295906035,SayHello,10000,16546
296097121,SayHello,10000,16415
296145708,SayHello,10000,16343
296211294,SayHello,10000,16393
296269816,SayHello,10000,16389
296572424,SayHello,10000,16366
296670983,SayHello,10000,16405
296707508,SayHello,10000,16225
296745277,SayHello,10000,16433
296792588,SayHello,10000,16390
296883679,SayHello,10000,16228
296943499,SayHello,10000,16343
296957261,SayHello,10000,16401
296994657,SayHello,10000,16197
297067372,SayHello,10000,16368
297124118,SayHello,10000,16359
297206095,SayHello,10000,16328
297481790,SayHello,10000,16354
297878223,SayHello,10000,16423
297930767,SayHello,10000,16358
297950205,SayHello,10000,16343
298046302,SayHello,10000,16468
298086156,SayHello,10000,16391
298255461,SayHello,10000,16301
298355295,SayHello,10000,16241
298492718,SayHello,10000,16229
298513391,SayHello,10000,16202
298561333,SayHello,10000,16615
298654153,SayHello,10000,16553
298686779,SayHello,10000,16363
298709745,SayHello,10000,16359
298718641,SayHello,10000,16343
298790311,SayHello,10000,16401
298798050,SayHello,10000,16392
298853049,SayHello,10000,16352
298893676,SayHello,10000,16592
299131226,SayHello,10000,16629
299321050,SayHello,10000,16601
299355948,SayHello,10000,16272
299371469,SayHello,10000,16392
299531110,SayHello,10000,16397
299723897,SayHello,10000,16281
299779580,SayHello,10000,16225
299814423,SayHello,10000,16206
299820888,SayHello,10000,16416
299955991,SayHello,10000,16393
300241608,SayHello,10000,16312
300262041,SayHello,10000,16248
300264279,SayHello,10000,16433
300273931,SayHello,10000,16353
300348383,SayHello,10000,16354
300526801,SayHello,10000,16364
300556895,SayHello,10000,16812
300596549,SayHello,10000,16367
300619350,SayHello,10000,16416
300623212,SayHello,10000,16431
300656594,SayHello,10000,16390
300737271,SayHello,10000,16386
300771758,SayHello,10000,16527
300816270,SayHello,10000,16359
300859953,SayHello,10000,16354
300875354,SayHello,10000,16364
300960931,SayHello,10000,16228
300994637,SayHello,10000,16675
301328461,SayHello,10000,16254
301339614,SayHello,10000,16365
301461558,SayHello,10000,16230
301492749,SayHello,10000,16336
301614796,SayHello,10000,16425
301675838,SayHello,10000,16315
301727632,SayHello,10000,16421
301762656,SayHello,10000,16340
301764165,SayHello,10000,16340
301829778,SayHello,10000,16446
301886972,SayHello,10000,16391
301968840,SayHello,10000,16357
301986791,SayHello,10000,16435
302015967,SayHello,10000,16438
302047397,SayHello,10000,16365
302095009,SayHello,10000,16394
302156619,SayHello,10000,16318
302235685,SayHello,10000,16424
302294352,SayHello,10000,16433
302367004,SayHello,10000,16364
302414331,SayHello,10000,16742
302480587,SayHello,10000,16214
302763713,SayHello,10000,16339
302787683,SayHello,10000,16363
302825786,SayHello,10000,16301
302909797,SayHello,10000,16218
302974043,SayHello,10000,16452
303028372,SayHello,10000,16361
303058444,SayHello,10000,16333
303066048,SayHello,10000,16428
303081179,SayHello,10000,16345
303293043,SayHello,10000,16358
303327043,SayHello,10000,16433
303328923,SayHello,10000,16252
303349285,SayHello,10000,16389
303350189,SayHello,10000,16348
303483228,SayHello,10000,16366
303647631,SayHello,10000,16391
303669627,SayHello,10000,16366
303719315,SayHello,10000,16352
303722970,SayHello,10000,16235
303785558,SayHello,10000,16374
303965971,SayHello,10000,16425
304347237,SayHello,10000,16345
304565398,SayHello,10000,16373
304670260,SayHello,10000,16363
304708675,SayHello,10000,16342
304729041,SayHello,10000,16613
304751872,SayHello,10000,16351
304758136,SayHello,10000,16312
304766401,SayHello,10000,16273
304782389,SayHello,10000,16325
304823563,SayHello,10000,16243
304839303,SayHello,10000,16232
304843460,SayHello,10000,16268
304916782,SayHello,10000,16372
305042314,SayHello,10000,16326
305161512,SayHello,10000,16395
305207753,SayHello,10000,16394
305277467,SayHello,10000,16405
305532409,SayHello,10000,16393
305596047,SayHello,10000,16355
305680152,SayHello,10000,16386
305907173,SayHello,10000,16222
305935469,SayHello,10000,16216
305968448,SayHello,10000,16250
306032893,SayHello,10000,16356
306051874,SayHello,10000,16428
306196267,SayHello,10000,16325
306279504,SayHello,10000,16371
306303570,SayHello,10000,16370
306459309,SayHello,10000,16409
306674305,SayHello,10000,16352
306788737,SayHello,10000,16315
306844110,SayHello,10000,16356
306846842,SayHello,10000,16693
306925133,SayHello,10000,16368
307014840,SayHello,10000,16247
307019432,SayHello,10000,16397
307043220,SayHello,10000,16423
307115111,SayHello,10000,16418
307188909,SayHello,10000,16343
307287385,SayHello,10000,16214
307548487,SayHello,10000,16211
307559909,SayHello,10000,16408
307595734,SayHello,10000,16369
307684544,SayHello,10000,16482
307727278,SayHello,10000,16389
307786463,SayHello,10000,16335
307871293,SayHello,10000,16196
307949524,SayHello,10000,16385
307953660,SayHello,10000,16331
307982492,SayHello,10000,16388
307983544,SayHello,10000,16400
308177595,SayHello,10000,16196
308323326,SayHello,10000,16320
308334399,SayHello,10000,16341
308597292,SayHello,10000,16394
308628433,SayHello,10000,16199
308762644,SayHello,10000,16321
308774853,SayHello,10000,16347
309031105,SayHello,10000,16359
309151352,SayHello,10000,16207
309170308,SayHello,10000,16252
309333092,SayHello,10000,16358
309461845,SayHello,10000,16387
309523827,SayHello,10000,16364
309545851,SayHello,10000,16426
309584904,SayHello,10000,16413
309624613,SayHello,10000,16371
309642010,SayHello,10000,16380
309734862,SayHello,10000,16398
309936719,SayHello,10000,16378
309964616,SayHello,10000,16410
309969481,SayHello,10000,16369
310093573,SayHello,10000,16428
310100311,SayHello,10000,16424
310179489,SayHello,10000,18230
310214196,SayHello,10000,16414
310276657,SayHello,10000,16393
310324945,SayHello,10000,16285
310418408,SayHello,10000,16359
310465574,SayHello,10000,16414
310630537,SayHello,10000,16395
310643921,SayHello,10000,16362
310728684,SayHello,10000,16356
310740527,SayHello,10000,16362
310749586,SayHello,10000,16356
310875449,SayHello,10000,16358
310940801,SayHello,10000,16393
311040010,SayHello,10000,16404
311095476,SayHello,10000,16333
311134167,SayHello,10000,16398
311197174,SayHello,10000,16394
311305808,SayHello,10000,16227
311367202,SayHello,10000,16233
311500771,SayHello,10000,16402
311517109,SayHello,10000,16398
311590807,SayHello,10000,16351
311711919,SayHello,10000,16339
311778558,SayHello,10000,16393
311865496,SayHello,10000,16362
311952318,SayHello,10000,16425
311972311,SayHello,10000,16203
312044065,SayHello,10000,16423
312150830,SayHello,10000,16335
312198096,SayHello,10000,16390
312218874,SayHello,10000,16467
312220881,SayHello,10000,16390
312310575,SayHello,10000,16669
312351556,SayHello,10000,16364
312384632,SayHello,10000,16300
312385283,SayHello,10000,16209
312482918,SayHello,10000,16220
312505489,SayHello,10000,16364
312650459,SayHello,10000,16354
312660420,SayHello,10000,16389
312689332,SayHello,10000,16425
312694976,SayHello,10000,16201
312706650,SayHello,10000,16331
312927215,SayHello,10000,16621
312969554,SayHello,10000,16355
313119639,SayHello,10000,16415
313122888,SayHello,10000,16365
313439399,SayHello,10000,16397
313563658,SayHello,10000,16417
313608753,SayHello,10000,16398
313655207,SayHello,10000,16362
313728390,SayHello,10000,16296
314135248,SayHello,10000,16390
314237278,SayHello,10000,16292
314346610,SayHello,10000,16210
314360053,SayHello,10000,16332
314362929,SayHello,10000,16329
314376156,SayHello,10000,16305
314470895,SayHello,10000,16229
314546630,SayHello,10000,16337
314663528,SayHello,10000,16344
314681388,SayHello,10000,16382
314682234,SayHello,10000,16266
314790368,SayHello,10000,16334
314920734,SayHello,10000,16429
314935817,SayHello,10000,16397
315038581,SayHello,10000,16347
315080981,SayHello,10000,16330
315113529,SayHello,10000,16345
315244401,SayHello,10000,16730
315268006,SayHello,10000,16293
315338911,SayHello,10000,16334
315391805,SayHello,10000,16355
315561814,SayHello,10000,16384
315611775,SayHello,10000,16242
315682107,SayHello,10000,16361
315750875,SayHello,10000,16225
315769305,SayHello,10000,16378
315880606,SayHello,10000,16204
316009753,SayHello,10000,16405
316014123,SayHello,10000,16339
316215630,SayHello,10000,16348
316217366,SayHello,10000,16541
316248700,SayHello,10000,16421
316248835,SayHello,10000,16356
316383228,SayHello,10000,16193
316418675,SayHello,10000,16326
316488347,SayHello,10000,16353
316719813,SayHello,10000,16346
316901908,SayHello,10000,16200
316938961,SayHello,10000,16229
316943466,SayHello,10000,16461
317021023,SayHello,10000,16299
317091465,SayHello,10000,16331
317114152,SayHello,10000,16225
317156556,SayHello,10000,16271
317161228,SayHello,10000,16322
317169399,SayHello,10000,16238
317502932,SayHello,10000,16333
317518546,SayHello,10000,16381
317604381,SayHello,10000,16324
317627009,SayHello,10000,16347
317628836,SayHello,10000,16230
317717282,SayHello,10000,16340
317884803,SayHello,10000,16433
317939281,SayHello,10000,16255
318003170,SayHello,10000,16598
318081950,SayHello,10000,16586
318129406,SayHello,10000,16330
318205981,SayHello,10000,16276
318224333,SayHello,10000,16391
318255464,SayHello,10000,16212
318347660,SayHello,10000,16325
318440782,SayHello,10000,16410
318454328,SayHello,10000,16310
318485806,SayHello,10000,16287
318517374,SayHello,10000,16309
318590752,SayHello,10000,16413
318657252,SayHello,10000,16309
318728946,SayHello,10000,16490
318807017,SayHello,10000,16364
319059180,SayHello,10000,16290
319232672,SayHello,10000,16438
319250217,SayHello,10000,16438
319381238,SayHello,10000,16211
319446377,SayHello,10000,16387
319491682,SayHello,10000,16331
319568163,SayHello,10000,16388
319568372,SayHello,10000,16200
319730635,SayHello,10000,16340
319787673,SayHello,10000,16421
319825665,SayHello,10000,16412
319839829,SayHello,10000,16410
319875207,SayHello,10000,16417
319877574,SayHello,10000,16344
319944239,SayHello,10000,16397
319950471,SayHello,10000,16200
319968636,SayHello,10000,16359
320062091,SayHello,10000,16381
320230163,SayHello,10000,16393
320241091,SayHello,10000,16476
320246762,SayHello,10000,16507
320300553,SayHello,10000,16335
320319462,SayHello,10000,16334
320358813,SayHello,10000,16390
320591069,SayHello,10000,16367
320647603,SayHello,10000,16366
320707014,SayHello,10000,16331
320710072,SayHello,10000,16393
320809394,SayHello,10000,16354
320823066,SayHello,10000,16376
320875315,SayHello,10000,16393
320988663,SayHello,10000,16354
320994095,SayHello,10000,16369
321129139,SayHello,10000,16209
321343952,SayHello,10000,16202
321449909,SayHello,10000,16207
321483399,SayHello,10000,16219
321487994,SayHello,10000,16227
321586846,SayHello,10000,16215
321592212,SayHello,10000,16374
321760768,SayHello,10000,16202
321849063,SayHello,10000,16347
321858092,SayHello,10000,16417
321952942,SayHello,10000,16325
322011011,SayHello,10000,16307
322302560,SayHello,10000,16364
322314050,SayHello,10000,16349
322351560,SayHello,10000,16266
322444626,SayHello,10000,16590
322648172,SayHello,10000,16459
322778601,SayHello,10000,16406
322825841,SayHello,10000,16419
322913622,SayHello,10000,16345
323232479,SayHello,10000,16336
323263689,SayHello,10000,16330
323264430,SayHello,10000,16313
323414343,SayHello,10000,16360
323426386,SayHello,10000,16366
323449838,SayHello,10000,16205
323485154,SayHello,10000,16242
323621506,SayHello,10000,16221
323802130,SayHello,10000,16729
323814911,SayHello,10000,16329
323839614,SayHello,10000,16444
323940176,SayHello,10000,16203
323961830,SayHello,10000,16347
324017521,SayHello,10000,16401
324063690,SayHello,10000,16209
324066444,SayHello,10000,16274
324165169,SayHello,10000,16382
324216742,SayHello,10000,16368
324241476,SayHello,10000,16328
324360532,SayHello,10000,16235
324400246,SayHello,10000,16345
324404411,SayHello,10000,16398
324421310,SayHello,10000,16325
324428412,SayHello,10000,16590
324744335,SayHello,10000,16377
324798158,SayHello,10000,16218
324819717,SayHello,10000,16384
324856150,SayHello,10000,16376
324928921,SayHello,10000,16326
325014496,SayHello,10000,16347
325030126,SayHello,10000,16362
325113578,SayHello,10000,16331
325135588,SayHello,10000,16385
325199420,SayHello,10000,16243
325257863,SayHello,10000,16352
325388806,SayHello,10000,16417
325484830,SayHello,10000,16345
325602565,SayHello,10000,16281
325666745,SayHello,10000,16225
325825837,SayHello,10000,16364
326062507,SayHello,10000,16334
326076988,SayHello,10000,16359
326213305,SayHello,10000,16440
326280331,SayHello,10000,16336
326472175,SayHello,10000,16331
326513874,SayHello,10000,16344
326606680,SayHello,10000,16194
326661972,SayHello,10000,16368
326747660,SayHello,10000,16265
326873673,SayHello,10000,16358
326891321,SayHello,10000,16352
326974202,SayHello,10000,16408
326979636,SayHello,10000,16213
327007029,SayHello,10000,16225
327169911,SayHello,10000,16193
327299905,SayHello,10000,16428
327321550,SayHello,10000,16352
327555981,SayHello,10000,16386
327615428,SayHello,10000,16319
327644856,SayHello,10000,16405
327996948,SayHello,10000,16347
328011244,SayHello,10000,16358
328164077,SayHello,10000,16405
328231540,SayHello,10000,16232
328684467,SayHello,10000,16360
328691161,SayHello,10000,16388
328871992,SayHello,10000,16355
328956597,SayHello,10000,16342
329015634,SayHello,10000,16234
329129769,SayHello,10000,16425
329174267,SayHello,10000,16386
329382488,SayHello,10000,16399
329481659,SayHello,10000,16464
329628926,SayHello,10000,16432
329700489,SayHello,10000,16328
329762380,SayHello,10000,16299
329792063,SayHello,10000,16334
329846497,SayHello,10000,16350
329868399,SayHello,10000,16330
329914475,SayHello,10000,16391
330259985,SayHello,10000,16424
330320538,SayHello,10000,16385
330365596,SayHello,10000,16352
330486366,SayHello,10000,16393
330502292,SayHello,10000,16714
330529575,SayHello,10000,16407
330598897,SayHello,10000,16318
330707387,SayHello,10000,16357
330905505,SayHello,10000,16326
330971446,SayHello,10000,16600
331133101,SayHello,10000,16239
331219307,SayHello,10000,16359
331305084,SayHello,10000,16386
331307784,SayHello,10000,16406
331376674,SayHello,10000,16321
331471517,SayHello,10000,16347
331699965,SayHello,10000,16303
331830348,SayHello,10000,16230
331854102,SayHello,10000,16434
331927066,SayHello,10000,16399
331953824,SayHello,10000,16343
332173885,SayHello,10000,16363
332243933,SayHello,10000,16368
332300386,SayHello,10000,16366
332333534,SayHello,10000,16236
332361045,SayHello,10000,16394
332405846,SayHello,10000,16345
332448899,SayHello,10000,16215
332461031,SayHello,10000,16355
332505465,SayHello,10000,16395
332564325,SayHello,10000,16359
332753138,SayHello,10000,16375
332826454,SayHello,10000,16443
332969067,SayHello,10000,16351
333027934,SayHello,10000,16418
333079938,SayHello,10000,16404
333097989,SayHello,10000,16332
333105257,SayHello,10000,16204
333150829,SayHello,10000,16244
333190364,SayHello,10000,16351
333211736,SayHello,10000,16386
333274851,SayHello,10000,16368
333290689,SayHello,10000,16203
333315336,SayHello,10000,16353
333497105,SayHello,10000,16390
333550079,SayHello,10000,16328
333561720,SayHello,10000,16394
333694466,SayHello,10000,16227
333862791,SayHello,10000,16364
333896692,SayHello,10000,16247
333974617,SayHello,10000,16252
333988858,SayHello,10000,16359
334099903,SayHello,10000,16346
334310081,SayHello,10000,16382
334315137,SayHello,10000,16683
334420252,SayHello,10000,16348
334524108,SayHello,10000,16322
334595121,SayHello,10000,16363
334671572,SayHello,10000,16331
334685058,SayHello,10000,16365
334710929,SayHello,10000,16225
334774322,SayHello,10000,16394
335024634,SayHello,10000,16346
335084778,SayHello,10000,16427
335088270,SayHello,10000,16332
335216004,SayHello,10000,16401
335220053,SayHello,10000,16407
335335017,SayHello,10000,16427
335478753,SayHello,10000,16198
335513354,SayHello,10000,16213
335513466,SayHello,10000,16377
335682593,SayHello,10000,16241
335786501,SayHello,10000,16367
335830041,SayHello,10000,16418
336040092,SayHello,10000,16353
336070960,SayHello,10000,16331
336205877,SayHello,10000,16380
336252178,SayHello,10000,16294
336333115,SayHello,10000,16241
336349045,SayHello,10000,16394
336396805,SayHello,10000,16353
336431078,SayHello,10000,16348
336447656,SayHello,10000,16346
336644091,SayHello,10000,16351
336649907,SayHello,10000,16234
336795304,SayHello,10000,16378
337111844,SayHello,10000,16312
337242021,SayHello,10000,16355
337312142,SayHello,10000,16226
337372737,SayHello,10000,16200
337679732,SayHello,10000,16323
337705967,SayHello,10000,16360
337867730,SayHello,10000,16568
337998871,SayHello,10000,16365
338126302,SayHello,10000,16423
338173840,SayHello,10000,16251
338225783,SayHello,10000,16334
338298802,SayHello,10000,16207
338453115,SayHello,10000,16395
338529985,SayHello,10000,16222
338560770,SayHello,10000,16364
338570706,SayHello,10000,16262
338738751,SayHello,10000,16229
338906319,SayHello,10000,16349
338910559,SayHello,10000,16346
339024604,SayHello,10000,16371
339129142,SayHello,10000,16228
339231999,SayHello,10000,16408
339697425,SayHello,10000,16323
339735070,SayHello,10000,16342
339757218,SayHello,10000,16395
339758363,SayHello,10000,16291
339817445,SayHello,10000,16343
339842900,SayHello,10000,16207
340028056,SayHello,10000,16379
340140626,SayHello,10000,16357
340165380,SayHello,10000,16361
340191256,SayHello,10000,16339
340261478,SayHello,10000,16355
340670331,SayHello,10000,16388
340751022,SayHello,10000,16434
340847267,SayHello,10000,16363
340854443,SayHello,10000,16684
340892704,SayHello,10000,16328
340900549,SayHello,10000,16390
340949321,SayHello,10000,16425
341003031,SayHello,10000,16333
341003630,SayHello,10000,16320
341024811,SayHello,10000,16385
341189529,SayHello,10000,16386
341209920,SayHello,10000,16364
341279369,SayHello,10000,16708
341320124,SayHello,10000,16367
341333229,SayHello,10000,16432
341377979,SayHello,10000,16395
341402505,SayHello,10000,16388
341498705,SayHello,10000,16204
341644447,SayHello,10000,16336
341785690,SayHello,10000,16433
341812314,SayHello,10000,16324
341970798,SayHello,10000,16349
342041966,SayHello,10000,16357
342185059,SayHello,10000,16616
342288918,SayHello,10000,16409
342292485,SayHello,10000,16404
342359292,SayHello,10000,16420
342393986,SayHello,10000,16333
342578938,SayHello,10000,16276
342651915,SayHello,10000,16391
342746087,SayHello,10000,16331
342960692,SayHello,10000,16398
343085030,SayHello,10000,16354
343127545,SayHello,10000,16394
343262466,SayHello,10000,16372
343368170,SayHello,10000,16363
343431696,SayHello,10000,16366
343501908,SayHello,10000,16394
343528634,SayHello,10000,16381
343618792,SayHello,10000,16344
343666461,SayHello,10000,16300
343707678,SayHello,10000,16328
343754168,SayHello,10000,16354
343755862,SayHello,10000,16336
343818686,SayHello,10000,16374
343865383,SayHello,10000,16356
344241605,SayHello,10000,16225
344335739,SayHello,10000,16409
344414228,SayHello,10000,16376
344468674,SayHello,10000,16419
344516527,SayHello,10000,16417
344540675,SayHello,10000,16564
344621640,SayHello,10000,16394
344670132,SayHello,10000,16375
344738538,SayHello,10000,16325
344845315,SayHello,10000,16451
344903796,SayHello,10000,16427
344987510,SayHello,10000,16359
344995176,SayHello,10000,16560
345200184,SayHello,10000,16246
345273320,SayHello,10000,16382
345328974,SayHello,10000,16366
345789558,SayHello,10000,16375
345826061,SayHello,10000,16226
345833405,SayHello,10000,16397
346088047,SayHello,10000,16418
346148864,SayHello,10000,16196
346231736,SayHello,10000,16263
346410303,SayHello,10000,16647
346526338,SayHello,10000,16404
346649280,SayHello,10000,16323
346684186,SayHello,10000,16345
346731541,SayHello,10000,16423
346770837,SayHello,10000,16413
346801577,SayHello,10000,16411
346824714,SayHello,10000,16393
346856131,SayHello,10000,16228
346969973,SayHello,10000,16354
347115389,SayHello,10000,16320
347137583,SayHello,10000,16394
347138689,SayHello,10000,16369
347174154,SayHello,10000,16666
347179591,SayHello,10000,16337
347182914,SayHello,10000,16392
347256898,SayHello,10000,16396
347380267,SayHello,10000,16371
347471113,SayHello,10000,16226
347508427,SayHello,10000,16202
347559444,SayHello,10000,16336
347564257,SayHello,10000,16398
347591423,SayHello,10000,16209
347687003,SayHello,10000,16401
347756051,SayHello,10000,16423
347789800,SayHello,10000,16394
347864649,SayHello,10000,16440
347913504,SayHello,10000,16463
347926539,SayHello,10000,16374
348088227,SayHello,10000,16380
348143455,SayHello,10000,16355
348245963,SayHello,10000,16332
348470480,SayHello,10000,16418
348643339,SayHello,10000,16395
348679983,SayHello,10000,16357
348756880,SayHello,10000,16329
348783515,SayHello,10000,16303
348957918,SayHello,10000,16368
349080407,SayHello,10000,16384
349086506,SayHello,10000,16329
349198027,SayHello,10000,16352
349434869,SayHello,10000,16390
349459051,SayHello,10000,16233
349525533,SayHello,10000,16331
349574279,SayHello,10000,16367
349624646,SayHello,10000,16200
349796782,SayHello,10000,16398
349825859,SayHello,10000,16328
350214252,SayHello,10000,16381
350330196,SayHello,10000,16325
350462885,SayHello,10000,16338
350506701,SayHello,10000,16372
350552460,SayHello,10000,16205
350605396,SayHello,10000,16385
350993536,SayHello,10000,16429
351154532,SayHello,10000,16351
351214634,SayHello,10000,16592
351237675,SayHello,10000,16375
351353231,SayHello,10000,16368
351457021,SayHello,10000,16235
351483758,SayHello,10000,16418
351550294,SayHello,10000,16331
351708397,SayHello,10000,16322
351983681,SayHello,10000,16423
351991696,SayHello,10000,16523
352021522,SayHello,10000,16304
352087380,SayHello,10000,16356
352199453,SayHello,10000,16224
352268925,SayHello,10000,16326
352304124,SayHello,10000,16331
352509117,SayHello,10000,16332
352513655,SayHello,10000,16341
352552829,SayHello,10000,16391
352680780,SayHello,10000,16220
352683772,SayHello,10000,16426
352709012,SayHello,10000,16348
352735263,SayHello,10000,16275
352817175,SayHello,10000,16419
352925324,SayHello,10000,16392
352957298,SayHello,10000,16379
352963959,SayHello,10000,16375
353018307,SayHello,10000,16402
353039912,SayHello,10000,16201
353135187,SayHello,10000,16421
353222274,SayHello,10000,16218
353268684,SayHello,10000,16415
353435479,SayHello,10000,16436
353444451,SayHello,10000,16393
353584914,SayHello,10000,16346
353607835,SayHello,10000,16426
353825291,SayHello,10000,16426
353831014,SayHello,10000,16205
353839293,SayHello,10000,16397
354113589,SayHello,10000,16229
354423372,SayHello,10000,16423
354468616,SayHello,10000,16417
354484354,SayHello,10000,16371
354531619,SayHello,10000,16373
354602062,SayHello,10000,16606
354678693,SayHello,10000,16360
354684119,SayHello,10000,16408
354852755,SayHello,10000,16421
354886167,SayHello,10000,16221
354903684,SayHello,10000,16332
354920698,SayHello,10000,16349
355180032,SayHello,10000,16393
355194866,SayHello,10000,16343
355205682,SayHello,10000,16370
355206745,SayHello,10000,16207
355365730,SayHello,10000,16363
355367138,SayHello,10000,16204
355479760,SayHello,10000,16356
355522761,SayHello,10000,16366
355573918,SayHello,10000,16357
355642369,SayHello,10000,16324
355677663,SayHello,10000,16231
355710615,SayHello,10000,16271
355787693,SayHello,10000,16363
355908015,SayHello,10000,16370
356005492,SayHello,10000,16394
356011771,SayHello,10000,16585
356033278,SayHello,10000,16193
356145330,SayHello,10000,16287
356259179,SayHello,10000,16386
356273103,SayHello,10000,16490
356312163,SayHello,10000,16438
356312376,SayHello,10000,16336
356361418,SayHello,10000,16436
356383289,SayHello,10000,16399
356421601,SayHello,10000,16347
356456388,SayHello,10000,16352
356482370,SayHello,10000,16322
356498155,SayHello,10000,16356
356510398,SayHello,10000,16360
356615085,SayHello,10000,16242
356662202,SayHello,10000,16460
356773919,SayHello,10000,16422
356844498,SayHello,10000,16357
357039816,SayHello,10000,16316
357070932,SayHello,10000,16278
357184212,SayHello,10000,16334
357187483,SayHello,10000,16332
357190817,SayHello,10000,16421
357206522,SayHello,10000,16360
357213287,SayHello,10000,16209
357218739,SayHello,10000,16357
357247946,SayHello,10000,16422
357294751,SayHello,10000,16345
357372264,SayHello,10000,16363
357500796,SayHello,10000,16476
357511501,SayHello,10000,16202
357553302,SayHello,10000,16340
357740451,SayHello,10000,16361
357776964,SayHello,10000,16358
357907134,SayHello,10000,16371
357979723,SayHello,10000,16227
357997307,SayHello,10000,16313
358047136,SayHello,10000,16339
358322284,SayHello,10000,16350
358342237,SayHello,10000,16310
358414720,SayHello,10000,16200
358453242,SayHello,10000,16398
358527940,SayHello,10000,16358
358678456,SayHello,10000,16418
358701031,SayHello,10000,16356
358724302,SayHello,10000,16361
358739309,SayHello,10000,16390
358962834,SayHello,10000,16380
359237512,SayHello,10000,16328
359273245,SayHello,10000,16199
359493845,SayHello,10000,16355
359596484,SayHello,10000,16360
359672877,SayHello,10000,16204
359791460,SayHello,10000,16325
360018402,SayHello,10000,16350
360086456,SayHello,10000,16416
360120027,SayHello,10000,16218
360219094,SayHello,10000,16443
360310729,SayHello,10000,16353
360381215,SayHello,10000,16348
360522137,SayHello,10000,16378
360911729,SayHello,10000,16409
361067365,SayHello,10000,16349
361122874,SayHello,10000,16411
361295442,SayHello,10000,16377
361411535,SayHello,10000,16358
361418681,SayHello,10000,16671
361854248,SayHello,10000,16366
361858581,SayHello,10000,16359
361860991,SayHello,10000,16234
361933580,SayHello,10000,16398
361965293,SayHello,10000,16362
361995495,SayHello,10000,16340
362031767,SayHello,10000,16398
362040039,SayHello,10000,16332
362090466,SayHello,10000,16429
362091048,SayHello,10000,16211
362137370,SayHello,10000,16361
362332283,SayHello,10000,16334
362443392,SayHello,10000,16395
362474757,SayHello,10000,16380
362563057,SayHello,10000,16469
362618837,SayHello,10000,16332
362688174,SayHello,10000,16803
362810684,SayHello,10000,16337
362856124,SayHello,10000,16381
362908023,SayHello,10000,16582
363023009,SayHello,10000,16204
363106633,SayHello,10000,16375
363147304,SayHello,10000,16222
363177157,SayHello,10000,16225
363193032,SayHello,10000,16351
363277837,SayHello,10000,16292
363284978,SayHello,10000,16394
363299438,SayHello,10000,16240
363304018,SayHello,10000,16420
363331563,SayHello,10000,16410
363361278,SayHello,10000,16434
363441399,SayHello,10000,16401
363550194,SayHello,10000,16343
363574712,SayHello,10000,16426
363601527,SayHello,10000,16369
363617453,SayHello,10000,16460
363725104,SayHello,10000,16246
363879567,SayHello,10000,16397
363973724,SayHello,10000,16332
364001490,SayHello,10000,16418
364015014,SayHello,10000,16366
364049713,SayHello,10000,16349
364074015,SayHello,10000,16415
364104162,SayHello,10000,16333
364169491,SayHello,10000,16360
364188077,SayHello,10000,16289
364420264,SayHello,10000,16432
364420452,SayHello,10000,16346
364653134,SayHello,10000,16201
364661997,SayHello,10000,16366
364704879,SayHello,10000,16391
364850380,SayHello,10000,16427
364853819,SayHello,10000,16327
364869973,SayHello,10000,16350
364884905,SayHello,10000,16385
364911541,SayHello,10000,16347
364992730,SayHello,10000,16225
365028774,SayHello,10000,16337
365045507,SayHello,10000,16209
365076373,SayHello,10000,16449
365100970,SayHello,10000,16274
365192396,SayHello,10000,16362
365255339,SayHello,10000,16347
365459742,SayHello,10000,16435
365465485,SayHello,10000,16229
365511346,SayHello,10000,16345
365613425,SayHello,10000,16320
365633979,SayHello,10000,16230
365722941,SayHello,10000,16336
365731279,SayHello,10000,16394
365737908,SayHello,10000,16211
365786837,SayHello,10000,16449
365893051,SayHello,10000,16405
365967823,SayHello,10000,16392
366029367,SayHello,10000,16359
366031118,SayHello,10000,16394
366034108,SayHello,10000,16450
366131387,SayHello,10000,16395
366240912,SayHello,10000,16395
366317336,SayHello,10000,16369
366324014,SayHello,10000,16351
366351035,SayHello,10000,16299
366416299,SayHello,10000,16392
366420414,SayHello,10000,16220
366473103,SayHello,10000,16371
366519552,SayHello,10000,16343
366526998,SayHello,10000,16197
366537823,SayHello,10000,16369
366597050,SayHello,10000,16358
366626058,SayHello,10000,16347
366688120,SayHello,10000,16365
366953995,SayHello,10000,16365
366984216,SayHello,10000,16628
367070196,SayHello,10000,16390
367148709,SayHello,10000,16377
367506084,SayHello,10000,16248
367541324,SayHello,10000,16428
367599549,SayHello,10000,16331
367720860,SayHello,10000,16359
367740259,SayHello,10000,16400
367811767,SayHello,10000,16573
368055990,SayHello,10000,16391
368090461,SayHello,10000,16229
368177700,SayHello,10000,16392
368551147,SayHello,10000,16355
368677850,SayHello,10000,16426
368704518,SayHello,10000,16457
368733897,SayHello,10000,16450
368779296,SayHello,10000,16424
368779509,SayHello,10000,16392
368853075,SayHello,10000,16454
369076373,SayHello,10000,16392
369093815,SayHello,10000,16373
369116696,SayHello,10000,16335
369140130,SayHello,10000,16338
369356160,SayHello,10000,16332
369356942,SayHello,10000,16335
369382733,SayHello,10000,16211
369479072,SayHello,10000,16323
369487342,SayHello,10000,16434
369511565,SayHello,10000,16431
369585465,SayHello,10000,16394
369696609,SayHello,10000,16230
369698697,SayHello,10000,16211
369949434,SayHello,10000,16425
370062241,SayHello,10000,16427
370102037,SayHello,10000,16360
370196813,SayHello,10000,16202
370535245,SayHello,10000,16236
370535549,SayHello,10000,16419
370596010,SayHello,10000,16360
370613238,SayHello,10000,16334
370949281,SayHello,10000,16350
371174083,SayHello,10000,16452
371470257,SayHello,10000,16330
371487605,SayHello,10000,16229
371521838,SayHello,10000,16431
371554763,SayHello,10000,16360
371571410,SayHello,10000,16380
371658927,SayHello,10000,16404
372003246,SayHello,10000,16374
372094261,SayHello,10000,16231
372115964,SayHello,10000,16364
372167477,SayHello,10000,16348
372199694,SayHello,10000,16361
372201866,SayHello,10000,16230
372327377,SayHello,10000,16338
372343992,SayHello,10000,16386
372464361,SayHello,10000,16352
372537834,SayHello,10000,16482
372565205,SayHello,10000,16393
372572398,SayHello,10000,16345
372659383,SayHello,10000,16293
372825355,SayHello,10000,16362
373143395,SayHello,10000,16391
373240884,SayHello,10000,16211
373333438,SayHello,10000,16361
373360280,SayHello,10000,16355
373490797,SayHello,10000,16429
373503417,SayHello,10000,16197
373574888,SayHello,10000,16264
373733251,SayHello,10000,16232
373747928,SayHello,10000,16344
373973882,SayHello,10000,16326
374006080,SayHello,10000,16211
374037030,SayHello,10000,16418
374052793,SayHello,10000,16348
374054579,SayHello,10000,16243
374067671,SayHello,10000,16395
374069928,SayHello,10000,16361
374102768,SayHello,10000,16403
374214913,SayHello,10000,16396
374255710,SayHello,10000,16317
374267382,SayHello,10000,16382
374278522,SayHello,10000,16352
374686897,SayHello,10000,16360
374794696,SayHello,10000,16425
374855210,SayHello,10000,16373
374856554,SayHello,10000,16390
374866417,SayHello,10000,16417
374919217,SayHello,10000,16230
374949214,SayHello,10000,16343
375133537,SayHello,10000,16398
375220813,SayHello,10000,16365
375349489,SayHello,10000,16391
375545585,SayHello,10000,16362
375545835,SayHello,10000,16281
375666394,SayHello,10000,16424
375677943,SayHello,10000,16358
375715693,SayHello,10000,16330
375966678,SayHello,10000,16843
376059477,SayHello,10000,16361
376093535,SayHello,10000,16344
376116078,SayHello,10000,16362
376185537,SayHello,10000,16355
376190159,SayHello,10000,16364
376226732,SayHello,10000,16395
376266812,SayHello,10000,16359
376297247,SayHello,10000,16435
376427745,SayHello,10000,16398
376436394,SayHello,10000,16312
376598422,SayHello,10000,16225
376599225,SayHello,10000,16812
376608423,SayHello,10000,16265
376627548,SayHello,10000,16491
376889723,SayHello,10000,16447
376896923,SayHello,10000,16342
376944237,SayHello,10000,16363
376993489,SayHello,10000,16204
377082602,SayHello,10000,16376
377191824,SayHello,10000,16338
377203708,SayHello,10000,16346
377382476,SayHello,10000,16339
377415959,SayHello,10000,16268
377429045,SayHello,10000,16229
377492448,SayHello,10000,16400
377513399,SayHello,10000,16274
377823857,SayHello,10000,16392
377921803,SayHello,10000,16227
377945807,SayHello,10000,16333
378127201,SayHello,10000,16390
378211963,SayHello,10000,16304
378224776,SayHello,10000,16391
378262212,SayHello,10000,16365
378287543,SayHello,10000,16391
378369112,SayHello,10000,16345
378398885,SayHello,10000,16520
378496241,SayHello,10000,16394
378529100,SayHello,10000,16317
378655516,SayHello,10000,16410
378668307,SayHello,10000,16227
378742792,SayHello,10000,16373
378770883,SayHello,10000,16411
378940225,SayHello,10000,16225
379310327,SayHello,10000,16434
379355271,SayHello,10000,16435
379368855,SayHello,10000,16584
379385355,SayHello,10000,16225
379386575,SayHello,10000,16418
379422068,SayHello,10000,16432
379681338,SayHello,10000,16331
379724094,SayHello,10000,16226
379763868,SayHello,10000,16228
379813831,SayHello,10000,16349
379922169,SayHello,10000,16356
379951197,SayHello,10000,16360
380020993,SayHello,10000,16227
380128290,SayHello,10000,16328
380228547,SayHello,10000,16675
380284325,SayHello,10000,16214
380394660,SayHello,10000,16344
380412067,SayHello,10000,16232
380481977,SayHello,10000,16801
380541158,SayHello,10000,16220
380673645,SayHello,10000,16390
380687984,SayHello,10000,16389
380755622,SayHello,10000,16356
380836673,SayHello,10000,16415
380837827,SayHello,10000,16401
380874154,SayHello,10000,16318
380880391,SayHello,10000,16365
380892920,SayHello,10000,16323
380979829,SayHello,10000,16539
381071955,SayHello,10000,16397
381103365,SayHello,10000,16365
381193099,SayHello,10000,16393
381331725,SayHello,10000,16226
381356260,SayHello,10000,16603
381418497,SayHello,10000,16355
381468206,SayHello,10000,16529
381477651,SayHello,10000,16449
381529317,SayHello,10000,16276
381581271,SayHello,10000,16293
382013522,SayHello,10000,16397
382090137,SayHello,10000,16498
382231331,SayHello,10000,16382
382438236,SayHello,10000,16328
382484519,SayHello,10000,16391
382879760,SayHello,10000,16413
382924222,SayHello,10000,16199
382966206,SayHello,10000,16395
383113040,SayHello,10000,16355
383158283,SayHello,10000,16363
383240154,SayHello,10000,16376
383278655,SayHello,10000,16400
383422760,SayHello,10000,16383
383665473,SayHello,10000,16361
383721873,SayHello,10000,16362
383751249,SayHello,10000,16352
383776390,SayHello,10000,16337
383877797,SayHello,10000,16333
383952009,SayHello,10000,16365
384015687,SayHello,10000,16220
384123528,SayHello,10000,16455
384127311,SayHello,10000,16340
384127958,SayHello,10000,16284
384308117,SayHello,10000,16340
384374700,SayHello,10000,16358
384547129,SayHello,10000,16204
384709092,SayHello,10000,16332
384800608,SayHello,10000,16338
384991293,SayHello,10000,16323
385040522,SayHello,10000,16226
385115156,SayHello,10000,16341
385150085,SayHello,10000,16208
385169952,SayHello,10000,16401
385449713,SayHello,10000,16244
385465352,SayHello,10000,16382
385619128,SayHello,10000,16360
385678170,SayHello,10000,16291
385789412,SayHello,10000,16316
385792552,SayHello,10000,16372
385820914,SayHello,10000,16398
385891419,SayHello,10000,16390
385901112,SayHello,10000,16345
385917073,SayHello,10000,16372
385947026,SayHello,10000,16357
386091359,SayHello,10000,16347
386121349,SayHello,10000,16354
386137015,SayHello,10000,16346
386206357,SayHello,10000,16293
386599951,SayHello,10000,16341
386778507,SayHello,10000,16228
386810479,SayHello,10000,16446
386972347,SayHello,10000,16354
387082613,SayHello,10000,16346
387253152,SayHello,10000,16364
387324051,SayHello,10000,16318
387335805,SayHello,10000,16200
387423041,SayHello,10000,16415
387570670,SayHello,10000,16395
387650978,SayHello,10000,16426
387720737,SayHello,10000,16355
387964617,SayHello,10000,16212
387985351,SayHello,10000,16355
388109652,SayHello,10000,16332
388308146,SayHello,10000,16390
388366926,SayHello,10000,16394
388380214,SayHello,10000,16244
388410948,SayHello,10000,16459
388455369,SayHello,10000,16616
388456951,SayHello,10000,16222
388504079,SayHello,10000,16378
388549797,SayHello,10000,16416
388581604,SayHello,10000,16244
388648873,SayHello,10000,16415
388829948,SayHello,10000,16408
388876478,SayHello,10000,16329
388913682,SayHello,10000,16324
389025653,SayHello,10000,16417
389044615,SayHello,10000,16459
389075029,SayHello,10000,16434
389421207,SayHello,10000,16224
389460730,SayHello,10000,16338
389473986,SayHello,10000,16311
389508986,SayHello,10000,16268
389558591,SayHello,10000,16344
389635458,SayHello,10000,16364
389905528,SayHello,10000,16352
389922496,SayHello,10000,16392
389956077,SayHello,10000,16391
390256224,SayHello,10000,16356
390370493,SayHello,10000,16531
390387358,SayHello,10000,16591
390411490,SayHello,10000,16226
390564385,SayHello,10000,16428
390591252,SayHello,10000,16338
390629245,SayHello,10000,16400
390790448,SayHello,10000,16417
390834553,SayHello,10000,16328
390840812,SayHello,10000,16407
390842899,SayHello,10000,16209
390911326,SayHello,10000,16397
390959033,SayHello,10000,16352
391042732,SayHello,10000,16348
391059371,SayHello,10000,16352
391119992,SayHello,10000,16271
391166339,SayHello,10000,16289
391245765,SayHello,10000,16312
391372046,SayHello,10000,16330
391435436,SayHello,10000,16272
391443503,SayHello,10000,16393
391472355,SayHello,10000,16391
391593494,SayHello,10000,16367
391963455,SayHello,10000,16337
391963818,SayHello,10000,16222
391966249,SayHello,10000,16326
392032062,SayHello,10000,16654
392181164,SayHello,10000,16216
392187196,SayHello,10000,16335
392200141,SayHello,10000,16485
392228961,SayHello,10000,16355
392499931,SayHello,10000,16325
392499984,SayHello,10000,16311
392506572,SayHello,10000,16228
392529900,SayHello,10000,16332
392650459,SayHello,10000,16351
392666898,SayHello,10000,16496
392746848,SayHello,10000,16400
392953710,SayHello,10000,16428
392974964,SayHello,10000,16298
393005975,SayHello,10000,16398
393028057,SayHello,10000,16421
393092979,SayHello,10000,16433
393399913,SayHello,10000,16335
393421032,SayHello,10000,16402
393441935,SayHello,10000,16343
393514311,SayHello,10000,16369
393524452,SayHello,10000,16742
393590624,SayHello,10000,16404
393745407,SayHello,10000,16398
393752943,SayHello,10000,16393
393879185,SayHello,10000,16222
393904500,SayHello,10000,16443
394041629,SayHello,10000,16311
394079942,SayHello,10000,16418
394100539,SayHello,10000,16486
394341183,SayHello,10000,16211
394362926,SayHello,10000,16447
394498873,SayHello,10000,16396
394529710,SayHello,10000,16303
394562822,SayHello,10000,16227
394611376,SayHello,10000,16366
394793422,SayHello,10000,16407
394852368,SayHello,10000,16351
394934839,SayHello,10000,16643
395071216,SayHello,10000,16353
395073825,SayHello,10000,16223
395365565,SayHello,10000,16401
395420736,SayHello,10000,16340
395455518,SayHello,10000,16227
395643781,SayHello,10000,16399
395713740,SayHello,10000,16398
395762101,SayHello,10000,16368
395765281,SayHello,10000,16384
395804180,SayHello,10000,16329
395813271,SayHello,10000,16403
395834952,SayHello,10000,16406
395891799,SayHello,10000,16413
396220638,SayHello,10000,16344
396255199,SayHello,10000,16352
396263794,SayHello,10000,16305
396419392,SayHello,10000,16418
396527885,SayHello,10000,16342
396561786,SayHello,10000,16302
396577566,SayHello,10000,16453
396692258,SayHello,10000,16411
396760315,SayHello,10000,16394
396817282,SayHello,10000,16261
396831877,SayHello,10000,16236
396908457,SayHello,10000,16595
396914554,SayHello,10000,16397
396917039,SayHello,10000,16399
397018920,SayHello,10000,16428
397124590,SayHello,10000,16785
397207747,SayHello,10000,16224
397236457,SayHello,10000,16302
397324620,SayHello,10000,16398
397351387,SayHello,10000,16327
397463039,SayHello,10000,16532
397521146,SayHello,10000,16240
397564335,SayHello,10000,16386
397601102,SayHello,10000,16207
397665958,SayHello,10000,16377
397670640,SayHello,10000,16358
397868013,SayHello,10000,16366
397979951,SayHello,10000,16240
398082643,SayHello,10000,16224
398108441,SayHello,10000,16341
398213623,SayHello,10000,16314
398320810,SayHello,10000,16335
398447935,SayHello,10000,16350
398581027,SayHello,10000,16202
398619812,SayHello,10000,16361
398722553,SayHello,10000,16543
398811972,SayHello,10000,16363
398843145,SayHello,10000,16289
398865645,SayHello,10000,16286
398920205,SayHello,10000,16335
398938122,SayHello,10000,16355
398945872,SayHello,10000,16350
398994285,SayHello,10000,16390
399081769,SayHello,10000,16354
399191712,SayHello,10000,16359
399250387,SayHello,10000,16344
399369561,SayHello,10000,16342
399520077,SayHello,10000,16326
399589286,SayHello,10000,16370
399619987,SayHello,10000,16577
399758581,SayHello,10000,16358
399903184,SayHello,10000,16408
400103782,SayHello,10000,16347
400138831,SayHello,10000,16431
400241967,SayHello,10000,16334
400303784,SayHello,10000,16387
400401915,SayHello,10000,16202
400402371,SayHello,10000,16352
400412626,SayHello,10000,16359
400477160,SayHello,10000,16357
400530731,SayHello,10000,16339
400630795,SayHello,10000,16328
400743576,SayHello,10000,16413
400786984,SayHello,10000,16370
400810614,SayHello,10000,16341
400920574,SayHello,10000,16382
400923724,SayHello,10000,16387
401085702,SayHello,10000,16232
401317803,SayHello,10000,16476
401353230,SayHello,10000,16370
401393387,SayHello,10000,16463
401396145,SayHello,10000,16352
401495060,SayHello,10000,16454
401552132,SayHello,10000,16211
401579689,SayHello,10000,16227
401695278,SayHello,10000,16357
401808717,SayHello,10000,16390
401890844,SayHello,10000,16218
402025095,SayHello,10000,16411
402098813,SayHello,10000,16465
402215110,SayHello,10000,16425
402301012,SayHello,10000,16225
402304032,SayHello,10000,16342
402570415,SayHello,10000,16202
402589386,SayHello,10000,16426
402668133,SayHello,10000,16425
402698007,SayHello,10000,16384
402773193,SayHello,10000,16427
402787680,SayHello,10000,16398
402803961,SayHello,10000,16340
402972007,SayHello,10000,16335
403106296,SayHello,10000,16455
403229002,SayHello,10000,16261
403280765,SayHello,10000,16227
403282212,SayHello,10000,16373
403435691,SayHello,10000,16306
403493774,SayHello,10000,16422
403515339,SayHello,10000,16331
403527386,SayHello,10000,16366
403765944,SayHello,10000,16229
403820508,SayHello,10000,16301
403875284,SayHello,10000,16361
403980457,SayHello,10000,16416
404237355,SayHello,10000,16231
404250626,SayHello,10000,16199
404298774,SayHello,10000,16333
404386464,SayHello,10000,16336
404566138,SayHello,10000,16486
404838140,SayHello,10000,16540
404897173,SayHello,10000,16381
404913512,SayHello,10000,16349
404962181,SayHello,10000,16368
405005666,SayHello,10000,16381
405041661,SayHello,10000,16201
405334749,SayHello,10000,16377
405461604,SayHello,10000,16334
405541029,SayHello,10000,16465
405552535,SayHello,10000,16402
405591893,SayHello,10000,16358
405760726,SayHello,10000,16384
405855060,SayHello,10000,16193
405917711,SayHello,10000,16350
406013460,SayHello,10000,16341
406166826,SayHello,10000,16280
406245647,SayHello,10000,16457
406468478,SayHello,10000,16398
406531848,SayHello,10000,16350
406690475,SayHello,10000,16369
406821488,SayHello,10000,16393
406831128,SayHello,10000,16214
406969227,SayHello,10000,16414
407163676,SayHello,10000,16327
407335589,SayHello,10000,16401
407603069,SayHello,10000,16327
407623499,SayHello,10000,16399
407623611,SayHello,10000,16418
407681158,SayHello,10000,16361
407692004,SayHello,10000,16473
407711481,SayHello,10000,16419
408044273,SayHello,10000,16384
408224339,SayHello,10000,16441
408261790,SayHello,10000,16348
408305255,SayHello,10000,16450
408401126,SayHello,10000,16371
408622337,SayHello,10000,16347
408702827,SayHello,10000,16350
408717743,SayHello,10000,16211
409118190,SayHello,10000,16360
409230941,SayHello,10000,16371
409323797,SayHello,10000,16345
409351392,SayHello,10000,16371
409456408,SayHello,10000,16225
409528245,SayHello,10000,16306
409630408,SayHello,10000,16356
409641982,SayHello,10000,16362
409655501,SayHello,10000,16363
409701219,SayHello,10000,16362
409762828,SayHello,10000,16301
409864976,SayHello,10000,16387
410121063,SayHello,10000,16575
410125941,SayHello,10000,16365
410280609,SayHello,10000,16232
410346115,SayHello,10000,16414
410509034,SayHello,10000,16330
410721109,SayHello,10000,16364
410833270,SayHello,10000,16344
410864881,SayHello,10000,16447
411049200,SayHello,10000,16330
411215456,SayHello,10000,16284
411231374,SayHello,10000,16275
411322738,SayHello,10000,16231
411514675,SayHello,10000,16428
411596372,SayHello,10000,16366
411877356,SayHello,10000,16322
411991465,SayHello,10000,16226
412068470,SayHello,10000,16582
412079731,SayHello,10000,16391
412090366,SayHello,10000,16420
412214969,SayHello,10000,16448
412247296,SayHello,10000,16349
412326418,SayHello,10000,16339
412479825,SayHello,10000,16232
412514893,SayHello,10000,16420
412655303,SayHello,10000,16220
412661529,SayHello,10000,16453
412759456,SayHello,10000,16415
412778026,SayHello,10000,16365
412793257,SayHello,10000,16572
412827267,SayHello,10000,16350
412857287,SayHello,10000,16362
412878781,SayHello,10000,16352
412893654,SayHello,10000,16359
412944727,SayHello,10000,16492
413013866,SayHello,10000,16212
413096366,SayHello,10000,16349
413248939,SayHello,10000,16351
413276360,SayHello,10000,16344
413425245,SayHello,10000,16390
413458783,SayHello,10000,16439
413466288,SayHello,10000,16332
413549004,SayHello,10000,16423
413760731,SayHello,10000,16348
413765718,SayHello,10000,16334
413970834,SayHello,10000,16386
414075340,SayHello,10000,16336
414078790,SayHello,10000,16269
414082945,SayHello,10000,16390
414185616,SayHello,10000,16395
414249765,SayHello,10000,16422
414465440,SayHello,10000,16408
414600928,SayHello,10000,16350
414614467,SayHello,10000,16301
414655932,SayHello,10000,16232
414811248,SayHello,10000,16345
414814844,SayHello,10000,16335
414851407,SayHello,10000,16356
414879992,SayHello,10000,16359
414915501,SayHello,10000,16346
414951297,SayHello,10000,16588
415020800,SayHello,10000,16399
415172957,SayHello,10000,16372
415328836,SayHello,10000,16344
415453636,SayHello,10000,16359
415489938,SayHello,10000,16411
415499070,SayHello,10000,16400
415593462,SayHello,10000,16617
415607637,SayHello,10000,16365
415671071,SayHello,10000,16371
415746841,SayHello,10000,16354
415913779,SayHello,10000,16343
415969081,SayHello,10000,16349
415979437,SayHello,10000,16363
415991009,SayHello,10000,16350
416036522,SayHello,10000,16306
416098511,SayHello,10000,16231
416116433,SayHello,10000,16232
416402637,SayHello,10000,16219
416440549,SayHello,10000,16427
416458771,SayHello,10000,16335
416482534,SayHello,10000,16349
416790536,SayHello,10000,16378
416791989,SayHello,10000,16207
416907499,SayHello,10000,16419
416914955,SayHello,10000,16410
416933245,SayHello,10000,16362
416999707,SayHello,10000,16336
417016523,SayHello,10000,16594
417234742,SayHello,10000,16318
417362007,SayHello,10000,16272
417370867,SayHello,10000,16421
417376785,SayHello,10000,16362
417419043,SayHello,10000,16353
417532425,SayHello,10000,16359
417626754,SayHello,10000,16349
417759473,SayHello,10000,16222
417883470,SayHello,10000,16331
417948422,SayHello,10000,16362
417986361,SayHello,10000,16514
418043583,SayHello,10000,16218
418050201,SayHello,10000,16438
418107407,SayHello,10000,16463
418168321,SayHello,10000,16339
418218768,SayHello,10000,16397
418287592,SayHello,10000,16892
418301510,SayHello,10000,16354
418314799,SayHello,10000,16336
418331303,SayHello,10000,16396
418375234,SayHello,10000,16357
418428823,SayHello,10000,16211
418436127,SayHello,10000,16419
418443594,SayHello,10000,16337
418444658,SayHello,10000,16375
418607255,SayHello,10000,16201
418666043,SayHello,10000,16233
418771024,SayHello,10000,16365
418884458,SayHello,10000,16207
419043975,SayHello,10000,16412
419081660,SayHello,10000,16359
419102983,SayHello,10000,16309
419303666,SayHello,10000,16361
419326369,SayHello,10000,16589
419460160,SayHello,10000,16398
419506265,SayHello,10000,16318
419516927,SayHello,10000,16348
419532657,SayHello,10000,16355
419594513,SayHello,10000,16321
419624475,SayHello,10000,16402
419776684,SayHello,10000,16363
419924109,SayHello,10000,16381
420012694,SayHello,10000,16393
420149274,SayHello,10000,16357
420179960,SayHello,10000,16366
420314004,SayHello,10000,16409
420351802,SayHello,10000,16359
420363426,SayHello,10000,16378
420467500,SayHello,10000,16305
420505413,SayHello,10000,16211
420601554,SayHello,10000,16351
420612551,SayHello,10000,16358
420634910,SayHello,10000,16199
420669761,SayHello,10000,16389
420713445,SayHello,10000,16404
420758934,SayHello,10000,16240
420900636,SayHello,10000,16806
420934830,SayHello,10000,16295
420947181,SayHello,10000,16424
420954878,SayHello,10000,16331
420973675,SayHello,10000,16194
421019050,SayHello,10000,16239
421023251,SayHello,10000,16329
421043633,SayHello,10000,16426
421054673,SayHello,10000,16353
421168677,SayHello,10000,16424
421246276,SayHello,10000,16242
421264613,SayHello,10000,16342
421266803,SayHello,10000,16542
421405701,SayHello,10000,16353
421412905,SayHello,10000,16324
421421593,SayHello,10000,16205
421593192,SayHello,10000,16383
421724131,SayHello,10000,16327
421776350,SayHello,10000,16373
421911598,SayHello,10000,16415
421961940,SayHello,10000,16392
422076301,SayHello,10000,16346
422132337,SayHello,10000,16399
422173940,SayHello,10000,16254
422274863,SayHello,10000,16383
422347632,SayHello,10000,16329
422398042,SayHello,10000,16366
422457566,SayHello,10000,16391
422559681,SayHello,10000,16426
422564066,SayHello,10000,16346
422607290,SayHello,10000,16401
422666145,SayHello,10000,16401
422759798,SayHello,10000,16230
422874603,SayHello,10000,16338
422888890,SayHello,10000,16334
422922685,SayHello,10000,16225
422990301,SayHello,10000,16419
423202853,SayHello,10000,16361
423329678,SayHello,10000,16248
423342251,SayHello,10000,16349
423367070,SayHello,10000,16387
423374194,SayHello,10000,16355
423412832,SayHello,10000,16390
423449127,SayHello,10000,16356
423460797,SayHello,10000,16350
423467904,SayHello,10000,16341
423548261,SayHello,10000,16379
423564699,SayHello,10000,16396
423660353,SayHello,10000,16231
423729723,SayHello,10000,16351
423838431,SayHello,10000,16437
423871268,SayHello,10000,16372
423916107,SayHello,10000,16387
424186932,SayHello,10000,16229
424206682,SayHello,10000,16232
424220723,SayHello,10000,16326
424597007,SayHello,10000,16369
424597300,SayHello,10000,16221
424603519,SayHello,10000,16325
424639431,SayHello,10000,16412
424676129,SayHello,10000,16329
425115440,SayHello,10000,16341
425175681,SayHello,10000,16409
425353216,SayHello,10000,16409
425364092,SayHello,10000,16418
425633320,SayHello,10000,16348
425650121,SayHello,10000,16578
425743530,SayHello,10000,16393
425982235,SayHello,10000,16351
426005103,SayHello,10000,16206
426044229,SayHello,10000,16365
426150018,SayHello,10000,16341
426329097,SayHello,10000,16369
426333662,SayHello,10000,16340
426457693,SayHello,10000,16415
426487723,SayHello,10000,16347
426499903,SayHello,10000,16332
426518043,SayHello,10000,16302
426622146,SayHello,10000,16450
426706985,SayHello,10000,16345
426714436,SayHello,10000,16351
426717116,SayHello,10000,16243
426722920,SayHello,10000,16428
426782149,SayHello,10000,16237
427091929,SayHello,10000,16428
427174582,SayHello,10000,16328
427204633,SayHello,10000,16402
427276562,SayHello,10000,16288
427614170,SayHello,10000,16432
427618040,SayHello,10000,16717
427700602,SayHello,10000,16355
427716585,SayHello,10000,16349
427830389,SayHello,10000,16347
427933996,SayHello,10000,16348
428080586,SayHello,10000,16388
428460771,SayHello,10000,16433
428479799,SayHello,10000,16391
428527529,SayHello,10000,16336
428964465,SayHello,10000,16333
429010865,SayHello,10000,16411
429049823,SayHello,10000,16395
429053063,SayHello,10000,16348
429106220,SayHello,10000,16367
429174609,SayHello,10000,16211
429190696,SayHello,10000,16407
429251157,SayHello,10000,16328
429276940,SayHello,10000,16394
429277676,SayHello,10000,16331
429337540,SayHello,10000,16200
429432951,SayHello,10000,16401
429475589,SayHello,10000,16331
429523224,SayHello,10000,16225
429777487,SayHello,10000,16343
429788152,SayHello,10000,16767
429805628,SayHello,10000,16224
429814646,SayHello,10000,16230
429838051,SayHello,10000,16364
429900270,SayHello,10000,16208
430489334,SayHello,10000,16343
430522319,SayHello,10000,16409
430765693,SayHello,10000,16207
430888989,SayHello,10000,18176
430948924,SayHello,10000,16336
431034096,SayHello,10000,16417
431068336,SayHello,10000,16296
431117231,SayHello,10000,16235
431342472,SayHello,10000,16351
431392874,SayHello,10000,16339
431634700,SayHello,10000,16341
431676996,SayHello,10000,16529
431717656,SayHello,10000,16441
431755737,SayHello,10000,16333
431794078,SayHello,10000,16358
432104305,SayHello,10000,16361
432126963,SayHello,10000,16401
432262743,SayHello,10000,16359
432331250,SayHello,10000,16429
432406114,SayHello,10000,16425
432451325,SayHello,10000,16202
432488643,SayHello,10000,16323
432508089,SayHello,10000,16233
432532218,SayHello,10000,16333
432620609,SayHello,10000,16358
432622020,SayHello,10000,16282
432645386,SayHello,10000,16428
432659006,SayHello,10000,16553
432753731,SayHello,10000,16424
432870328,SayHello,10000,16322
432891581,SayHello,10000,16371
433119489,SayHello,10000,16311
433189008,SayHello,10000,16311
433265101,SayHello,10000,16294
433308052,SayHello,10000,16362
433523013,SayHello,10000,16361
433602244,SayHello,10000,16367
433838591,SayHello,10000,16285
433941342,SayHello,10000,16230
433944520,SayHello,10000,16194
434031937,SayHello,10000,16437
434032137,SayHello,10000,16360
434061090,SayHello,10000,16280
434219789,SayHello,10000,16365
434261853,SayHello,10000,16213
434301225,SayHello,10000,16332
434419530,SayHello,10000,16359
434502077,SayHello,10000,16264
434574664,SayHello,10000,16261
434618180,SayHello,10000,16350
434658869,SayHello,10000,16224
434682190,SayHello,10000,16237
434786711,SayHello,10000,16352
434835299,SayHello,10000,16339
434906826,SayHello,10000,16334
434910525,SayHello,10000,16462
435001648,SayHello,10000,16219
435004098,SayHello,10000,16357
435216103,SayHello,10000,16312
435324021,SayHello,10000,16337
435327310,SayHello,10000,16392
435431992,SayHello,10000,16333
435449607,SayHello,10000,16327
435469045,SayHello,10000,16290
435547899,SayHello,10000,16395
435578926,SayHello,10000,16218
435686626,SayHello,10000,16361
435737527,SayHello,10000,16337
435737989,SayHello,10000,16345
435755025,SayHello,10000,16344
435842204,SayHello,10000,16347
436080224,SayHello,10000,16245
436115714,SayHello,10000,16353
436151257,SayHello,10000,16360
436303383,SayHello,10000,16228
436304798,SayHello,10000,16609
436328146,SayHello,10000,16356
436436134,SayHello,10000,16408
436712062,SayHello,10000,16368
436763598,SayHello,10000,16336
436792009,SayHello,10000,16437
436813765,SayHello,10000,16368
436909426,SayHello,10000,16449
436915076,SayHello,10000,16398
436918905,SayHello,10000,16341
437187940,SayHello,10000,16756
437234827,SayHello,10000,16416
437259840,SayHello,10000,16385
437602484,SayHello,10000,16393
437870597,SayHello,10000,16360
437918742,SayHello,10000,16315
437965667,SayHello,10000,16229
438084727,SayHello,10000,16347
438214623,SayHello,10000,16436
438255390,SayHello,10000,16394
438345283,SayHello,10000,16387
438498704,SayHello,10000,16431
438592825,SayHello,10000,16363
438642357,SayHello,10000,16301
438743992,SayHello,10000,16333
438908926,SayHello,10000,16392
439481009,SayHello,10000,16344
439619592,SayHello,10000,16197
439626568,SayHello,10000,16356
439826053,SayHello,10000,16382
439871702,SayHello,10000,16395
439888963,SayHello,10000,16409
440024731,SayHello,10000,16354
440031191,SayHello,10000,16334
440080302,SayHello,10000,16356
440145036,SayHello,10000,16343
440198413,SayHello,10000,16339
440267665,SayHello,10000,16355
440377055,SayHello,10000,16349
440459832,SayHello,10000,16336
440482004,SayHello,10000,16330
440524723,SayHello,10000,16361
440600288,SayHello,10000,16228
440683151,SayHello,10000,16374
440748463,SayHello,10000,16429
440781882,SayHello,10000,16363
440862726,SayHello,10000,16416
440914127,SayHello,10000,16384
440925535,SayHello,10000,16393
441008555,SayHello,10000,16265
441118724,SayHello,10000,16347
441123206,SayHello,10000,16405
441253497,SayHello,10000,16339
441480800,SayHello,10000,16357
441535430,SayHello,10000,16335
441642117,SayHello,10000,16307
441696974,SayHello,10000,16460
441729767,SayHello,10000,16366
442008984,SayHello,10000,16214
442063095,SayHello,10000,16336
442197905,SayHello,10000,16298
442301811,SayHello,10000,16338
442361951,SayHello,10000,16389
442623393,SayHello,10000,16323
442764602,SayHello,10000,16704
442770404,SayHello,10000,16336
442773341,SayHello,10000,16324
442843904,SayHello,10000,16352
442906303,SayHello,10000,16401
442908334,SayHello,10000,16330
442940831,SayHello,10000,16393
443082589,SayHello,10000,16426
443231057,SayHello,10000,16341
443248175,SayHello,10000,16380
443536068,SayHello,10000,16424
443553032,SayHello,10000,16354
443579340,SayHello,10000,16371
443625146,SayHello,10000,16369
443723146,SayHello,10000,16325
443816097,SayHello,10000,16282
443844923,SayHello,10000,16227
443980778,SayHello,10000,16416
444054588,SayHello,10000,16313
444076937,SayHello,10000,16366
444109887,SayHello,10000,16210
444257807,SayHello,10000,16703
444308701,SayHello,10000,16342
444383478,SayHello,10000,16292
444404377,SayHello,10000,16215
444732907,SayHello,10000,16237
444873740,SayHello,10000,16350
445131839,SayHello,10000,16336
445165522,SayHello,10000,16363
445195982,SayHello,10000,16229
445419097,SayHello,10000,16314
445441961,SayHello,10000,16363
445469383,SayHello,10000,16367
445527441,SayHello,10000,16374
445559769,SayHello,10000,16344
445687977,SayHello,10000,16243
445867342,SayHello,10000,16413
446026022,SayHello,10000,16355
446078851,SayHello,10000,16205
446086239,SayHello,10000,16435
446225416,SayHello,10000,16212
446231776,SayHello,10000,16351
446248624,SayHello,10000,16207
446308687,SayHello,10000,16356
446479788,SayHello,10000,16254
446713712,SayHello,10000,16341
446767940,SayHello,10000,16396
446779277,SayHello,10000,16214
446782810,SayHello,10000,16271
446891025,SayHello,10000,16244
446942561,SayHello,10000,16423
446958832,SayHello,10000,16424
447017810,SayHello,10000,16344
447113931,SayHello,10000,16429
447148478,SayHello,10000,16386
447154251,SayHello,10000,16340
447407232,SayHello,10000,16393
447482504,SayHello,10000,16232
447485270,SayHello,10000,16392
447614760,SayHello,10000,16428
447817117,SayHello,10000,16331
447831900,SayHello,10000,16200
447942166,SayHello,10000,16440
447946613,SayHello,10000,16367
448021210,SayHello,10000,16451
448130461,SayHello,10000,16429
448133743,SayHello,10000,16206
448147587,SayHello,10000,16296
448199405,SayHello,10000,16597
448341251,SayHello,10000,16198
448396960,SayHello,10000,16351
448500975,SayHello,10000,16326
448501021,SayHello,10000,16348
448602604,SayHello,10000,16400
448700472,SayHello,10000,16576
448737264,SayHello,10000,16366
448786167,SayHello,10000,16355
448792011,SayHello,10000,16222
448798343,SayHello,10000,16368
448869793,SayHello,10000,16362
448925652,SayHello,10000,16387
449087402,SayHello,10000,16370
449309089,SayHello,10000,16389
449442777,SayHello,10000,16393
449636247,SayHello,10000,16351
449794578,SayHello,10000,16321
449813437,SayHello,10000,16380
449822274,SayHello,10000,16313
449872070,SayHello,10000,16394
449928730,SayHello,10000,16394
450000539,SayHello,10000,16458
450008562,SayHello,10000,16334
450131904,SayHello,10000,16376
450193766,SayHello,10000,16391
450194168,SayHello,10000,16422
450298617,SayHello,10000,16333
450308685,SayHello,10000,16222
450431311,SayHello,10000,16344
450465837,SayHello,10000,16443
450519964,SayHello,10000,16352
450625684,SayHello,10000,16340
450632347,SayHello,10000,16349
450655224,SayHello,10000,16465
450822997,SayHello,10000,16396
450891359,SayHello,10000,16375
450892890,SayHello,10000,16384
450943025,SayHello,10000,16227
451239741,SayHello,10000,16363
451280197,SayHello,10000,16421
451341945,SayHello,10000,16214
451448293,SayHello,10000,16346
451462603,SayHello,10000,16345
451568847,SayHello,10000,16258
451571448,SayHello,10000,16359
451613973,SayHello,10000,16340
451799227,SayHello,10000,16222
451836086,SayHello,10000,16204
452058434,SayHello,10000,16387
452077186,SayHello,10000,16373
452132745,SayHello,10000,16349
452207777,SayHello,10000,16375
452225351,SayHello,10000,16393
452330184,SayHello,10000,16372
452419173,SayHello,10000,16349
452435035,SayHello,10000,16358
452465593,SayHello,10000,16340
452472674,SayHello,10000,16361
452511098,SayHello,10000,16368
452757446,SayHello,10000,16227
452904645,SayHello,10000,16395
452928432,SayHello,10000,16398
452938040,SayHello,10000,16404
452944560,SayHello,10000,16363
453030866,SayHello,10000,16322
453071710,SayHello,10000,16345
453190637,SayHello,10000,16230
453319247,SayHello,10000,16519
453407870,SayHello,10000,16349
453522466,SayHello,10000,16399
453588965,SayHello,10000,16341
453781116,SayHello,10000,16340
453859070,SayHello,10000,16244
453912432,SayHello,10000,16354
453942632,SayHello,10000,16368
453984845,SayHello,10000,16370
453994776,SayHello,10000,16346
454252998,SayHello,10000,16432
454343843,SayHello,10000,16440
454366209,SayHello,10000,16336
454492744,SayHello,10000,16425
454508172,SayHello,10000,16427
454577072,SayHello,10000,16302
454641523,SayHello,10000,16372
454698749,SayHello,10000,16231
454841727,SayHello,10000,16226
454920689,SayHello,10000,16328
454920709,SayHello,10000,16607
455116728,SayHello,10000,16375
455258742,SayHello,10000,16201
455311114,SayHello,10000,16340
455330910,SayHello,10000,16362
455416024,SayHello,10000,16404
455608505,SayHello,10000,16449
455710028,SayHello,10000,16346
455894215,SayHello,10000,16575
455919670,SayHello,10000,16344
456117991,SayHello,10000,16387
456135092,SayHello,10000,16428
456210717,SayHello,10000,16580
456225395,SayHello,10000,16429
456279321,SayHello,10000,16244
456352683,SayHello,10000,16371
456413317,SayHello,10000,16344
456596731,SayHello,10000,16280
456643504,SayHello,10000,16347
456711002,SayHello,10000,16217
456813571,SayHello,10000,16350
456814997,SayHello,10000,16527
457021181,SayHello,10000,16357
457044390,SayHello,10000,16327
457076581,SayHello,10000,16421
457327519,SayHello,10000,16310
457496675,SayHello,10000,16243
457613445,SayHello,10000,16438
457723751,SayHello,10000,16394
458204944,SayHello,10000,16227
458249639,SayHello,10000,16363
458264012,SayHello,10000,16324
458369587,SayHello,10000,16358
458540857,SayHello,10000,16328
458821045,SayHello,10000,16207
459016310,SayHello,10000,16396
459161844,SayHello,10000,16341
459219944,SayHello,10000,16416
459268114,SayHello,10000,16511
459330422,SayHello,10000,16254
459416500,SayHello,10000,16394
459519092,SayHello,10000,16330
459606965,SayHello,10000,16392
459614026,SayHello,10000,16419
459668565,SayHello,10000,16214
459684865,SayHello,10000,16410
460009268,SayHello,10000,16347
460011862,SayHello,10000,16200
460082129,SayHello,10000,16391
460088976,SayHello,10000,16395
460192883,SayHello,10000,16237
460371452,SayHello,10000,16349
460497098,SayHello,10000,16424
460594562,SayHello,10000,16358
460744194,SayHello,10000,16551
460897365,SayHello,10000,16289
460968788,SayHello,10000,16377
461368194,SayHello,10000,16203
461379558,SayHello,10000,16402
461422582,SayHello,10000,16431
461461486,SayHello,10000,16223
461509609,SayHello,10000,16324
461535898,SayHello,10000,16435
461539231,SayHello,10000,16542
461775669,SayHello,10000,16413
461856105,SayHello,10000,16359
461913729,SayHello,10000,16358
461929785,SayHello,10000,16330
461943509,SayHello,10000,16392
461998347,SayHello,10000,16289
462129708,SayHello,10000,16459
462369884,SayHello,10000,16226
462406870,SayHello,10000,16401
462436459,SayHello,10000,16406
462460102,SayHello,10000,16380
462493461,SayHello,10000,16349
462536418,SayHello,10000,16451
462646713,SayHello,10000,16339
462791433,SayHello,10000,16212
462814988,SayHello,10000,16280
462994414,SayHello,10000,16513
463016619,SayHello,10000,16212
463236571,SayHello,10000,16351
463360626,SayHello,10000,16373
463373854,SayHello,10000,16425
463385930,SayHello,10000,16434
463593081,SayHello,10000,16323
463594958,SayHello,10000,16330
463659102,SayHello,10000,16387
463699446,SayHello,10000,16346
463700405,SayHello,10000,16418
463719727,SayHello,10000,16407
463723855,SayHello,10000,16346
463857394,SayHello,10000,16404
463931643,SayHello,10000,16393
464026120,SayHello,10000,16352
464101571,SayHello,10000,16402
464137497,SayHello,10000,16428
464267252,SayHello,10000,16420
464522552,SayHello,10000,16404
464871003,SayHello,10000,16287
464883334,SayHello,10000,16225
464922542,SayHello,10000,16357
465170403,SayHello,10000,16403
465171207,SayHello,10000,16390
465241027,SayHello,10000,16354
465293114,SayHello,10000,16211
465317405,SayHello,10000,16552
465393148,SayHello,10000,16396
465434896,SayHello,10000,16369
465542206,SayHello,10000,16201
465555329,SayHello,10000,16328
465557222,SayHello,10000,16405
465671383,SayHello,10000,16331
465681954,SayHello,10000,16240
465718214,SayHello,10000,16395
465732642,SayHello,10000,16244
465743473,SayHello,10000,16326
465812839,SayHello,10000,16351
465866244,SayHello,10000,16405
465915929,SayHello,10000,16325
465940317,SayHello,10000,16226
466020600,SayHello,10000,16267
466099736,SayHello,10000,16392
466270418,SayHello,10000,16361
466333120,SayHello,10000,16347
466437775,SayHello,10000,16362
466562506,SayHello,10000,16576
466586963,SayHello,10000,16437
466807448,SayHello,10000,16198
466813533,SayHello,10000,16273
466827398,SayHello,10000,16365
466875968,SayHello,10000,16361
466891222,SayHello,10000,16368
466974313,SayHello,10000,16208
467075007,SayHello,10000,16283
467107502,SayHello,10000,16426
467269503,SayHello,10000,16329
467317148,SayHello,10000,16228
467478389,SayHello,10000,16311
467495388,SayHello,10000,16328
467522534,SayHello,10000,16346
467697229,SayHello,10000,16234
467715152,SayHello,10000,16361
467716820,SayHello,10000,16212
467762601,SayHello,10000,16359
467813490,SayHello,10000,16454
467827944,SayHello,10000,16417
467938338,SayHello,10000,16328
468066409,SayHello,10000,16328
468206085,SayHello,10000,16299
468257444,SayHello,10000,16205
468289374,SayHello,10000,16283
468291219,SayHello,10000,16214
468334158,SayHello,10000,16305
468463822,SayHello,10000,16340
468489387,SayHello,10000,16505
468502343,SayHello,10000,16221
468516409,SayHello,10000,16361
468524636,SayHello,10000,16422
468532617,SayHello,10000,16289
468632406,SayHello,10000,16242
468681566,SayHello,10000,16336
468700403,SayHello,10000,16328
468833861,SayHello,10000,16351
468834501,SayHello,10000,16554
468873332,SayHello,10000,16357
468873381,SayHello,10000,16355
468935555,SayHello,10000,16392
468972242,SayHello,10000,16421
469023218,SayHello,10000,16204
469134047,SayHello,10000,16389
469150625,SayHello,10000,16200
469183612,SayHello,10000,16326
469188783,SayHello,10000,16327
469210162,SayHello,10000,16396
469283053,SayHello,10000,16426
469308719,SayHello,10000,16294
469349585,SayHello,10000,16332
469390710,SayHello,10000,16503
469427071,SayHello,10000,16354
469466074,SayHello,10000,16340
469489796,SayHello,10000,16360
469624497,SayHello,10000,16360
469709495,SayHello,10000,16324
469754920,SayHello,10000,16315
469947793,SayHello,10000,16360
470060550,SayHello,10000,16433
470172012,SayHello,10000,16459
470340086,SayHello,10000,16271
470406460,SayHello,10000,16348
470465538,SayHello,10000,16372
470475366,SayHello,10000,16392
470497495,SayHello,10000,16326
470505192,SayHello,10000,16377
470522580,SayHello,10000,16334
470534405,SayHello,10000,16382
470572105,SayHello,10000,16397
470612360,SayHello,10000,16394
470617141,SayHello,10000,16281
470711097,SayHello,10000,16423
470724343,SayHello,10000,16346
470738558,SayHello,10000,16429
470787673,SayHello,10000,16553
470821626,SayHello,10000,16266
470848124,SayHello,10000,16204
470849974,SayHello,10000,16330
470887658,SayHello,10000,16211
470938453,SayHello,10000,16359
471103017,SayHello,10000,16602
471141173,SayHello,10000,16357
471341968,SayHello,10000,16274
471441658,SayHello,10000,16227
471578304,SayHello,10000,16397
471578866,SayHello,10000,16427
471599404,SayHello,10000,16398
471663502,SayHello,10000,16269
471666724,SayHello,10000,16457
471920001,SayHello,10000,16312
471969633,SayHello,10000,16329
472007107,SayHello,10000,16330
472038078,SayHello,10000,16423
472117483,SayHello,10000,16351
472302836,SayHello,10000,16396
472337820,SayHello,10000,16357
472659100,SayHello,10000,16413
472964378,SayHello,10000,16346
472966932,SayHello,10000,16299
472986474,SayHello,10000,16329
473019294,SayHello,10000,16359
473048419,SayHello,10000,16632
473455549,SayHello,10000,16396
473710071,SayHello,10000,16200
473734045,SayHello,10000,16585
473911267,SayHello,10000,16312
473933804,SayHello,10000,16229
474272712,SayHello,10000,16225
474308896,SayHello,10000,16227
474514339,SayHello,10000,16399
474543515,SayHello,10000,16356
474547464,SayHello,10000,16263
474611830,SayHello,10000,16304
474655047,SayHello,10000,16399
474696289,SayHello,10000,16429
474795819,SayHello,10000,16401
474799205,SayHello,10000,16219
474803797,SayHello,10000,16401
474845094,SayHello,10000,16348
474847789,SayHello,10000,16417
474886501,SayHello,10000,16326
474907967,SayHello,10000,16424
475066466,SayHello,10000,16220
475336001,SayHello,10000,16283
475343636,SayHello,10000,16364
475358934,SayHello,10000,16363
475370320,SayHello,10000,16332
475377774,SayHello,10000,16324
475380695,SayHello,10000,16375
475395363,SayHello,10000,16345
475415896,SayHello,10000,16343
475561533,SayHello,10000,16226
475904856,SayHello,10000,16227
475916202,SayHello,10000,16257
476017857,SayHello,10000,16428
476212068,SayHello,10000,16246
476299289,SayHello,10000,16408
476335635,SayHello,10000,16327
476340305,SayHello,10000,16203
476392140,SayHello,10000,16297
476514716,SayHello,10000,16337
476572828,SayHello,10000,16422
476582760,SayHello,10000,16215
476607137,SayHello,10000,16399
476723699,SayHello,10000,16330
476751912,SayHello,10000,16359
476775359,SayHello,10000,16328
476820922,SayHello,10000,16246
476861685,SayHello,10000,16381
476913808,SayHello,10000,16381
477036902,SayHello,10000,16403
477190463,SayHello,10000,16230
477235158,SayHello,10000,16401
477301268,SayHello,10000,16346
477534201,SayHello,10000,16375
477564141,SayHello,10000,16354
477685936,SayHello,10000,16359
477883430,SayHello,10000,16357
477926585,SayHello,10000,16440
477957413,SayHello,10000,16327
477973616,SayHello,10000,16383
478029417,SayHello,10000,16313
478134081,SayHello,10000,16388
478134385,SayHello,10000,16235
478140716,SayHello,10000,16247
478444745,SayHello,10000,16233
478735026,SayHello,10000,16324
478886240,SayHello,10000,16324
478966037,SayHello,10000,16375
479213092,SayHello,10000,16227
479352340,SayHello,10000,16344
479521561,SayHello,10000,16232
479610132,SayHello,10000,16344
479946870,SayHello,10000,16340
479974066,SayHello,10000,16446
480025537,SayHello,10000,16361
480064436,SayHello,10000,16381
480160406,SayHello,10000,16353
480235616,SayHello,10000,16356
480241297,SayHello,10000,16373
480278181,SayHello,10000,16385
480450747,SayHello,10000,16224
480587290,SayHello,10000,16315
480631974,SayHello,10000,16450
480762744,SayHello,10000,16367
480765186,SayHello,10000,16284
480804466,SayHello,10000,16366
480876370,SayHello,10000,16422
480908726,SayHello,10000,16310
481046849,SayHello,10000,16236
481052059,SayHello,10000,16227
481160197,SayHello,10000,16345
481220140,SayHello,10000,16417
481248105,SayHello,10000,16351
481305997,SayHello,10000,16356
481519751,SayHello,10000,16288
481684681,SayHello,10000,16255
481791197,SayHello,10000,16337
481817561,SayHello,10000,16242
481862271,SayHello,10000,16337
481907028,SayHello,10000,16430
482002455,SayHello,10000,16392
482183060,SayHello,10000,16369
482183194,SayHello,10000,20377
482240691,SayHello,10000,16391
482363347,SayHello,10000,16258
482467057,SayHello,10000,16337
482488415,SayHello,10000,16353
482572960,SayHello,10000,16401
482594903,SayHello,10000,16611
482741215,SayHello,10000,16395
482796618,SayHello,10000,16394
482892946,SayHello,10000,16228
482912662,SayHello,10000,16245
482975056,SayHello,10000,16196
483014055,SayHello,10000,16389
483019098,SayHello,10000,16294
483076265,SayHello,10000,16354
483123640,SayHello,10000,16300
483143676,SayHello,10000,16198
483203349,SayHello,10000,16427
483282572,SayHello,10000,16357
483325087,SayHello,10000,16231
483384537,SayHello,10000,16376
483482841,SayHello,10000,16398
483518166,SayHello,10000,16311
483564286,SayHello,10000,16239
483582769,SayHello,10000,16230
483586074,SayHello,10000,16214
483630739,SayHello,10000,16228
483802777,SayHello,10000,16363
483844307,SayHello,10000,16392
483909427,SayHello,10000,16302
484040308,SayHello,10000,16417
484280366,SayHello,10000,16218
484494935,SayHello,10000,16199
484811465,SayHello,10000,16347
484862844,SayHello,10000,16273
484901123,SayHello,10000,16300
485063500,SayHello,10000,16346
485071140,SayHello,10000,16237
485153351,SayHello,10000,16227
485345063,SayHello,10000,16337
485350915,SayHello,10000,16454
485621519,SayHello,10000,16227
485635550,SayHello,10000,16324
485802611,SayHello,10000,16247
485830064,SayHello,10000,16310
485832004,SayHello,10000,16399
485864791,SayHello,10000,16334
485949849,SayHello,10000,16357
485985552,SayHello,10000,16323
486275069,SayHello,10000,16418
486277569,SayHello,10000,16419
486289872,SayHello,10000,16418
486311850,SayHello,10000,16222
486398201,SayHello,10000,16369
486455372,SayHello,10000,16397
486679941,SayHello,10000,16362
486789606,SayHello,10000,16401
486987175,SayHello,10000,16352
486996832,SayHello,10000,16367
487379122,SayHello,10000,16551
487427356,SayHello,10000,16353
487428484,SayHello,10000,16368
487460870,SayHello,10000,16201
487474392,SayHello,10000,16376
487598989,SayHello,10000,16354
487736948,SayHello,10000,16333
487999870,SayHello,10000,16336
488184570,SayHello,10000,16363
488250199,SayHello,10000,16391
488394610,SayHello,10000,16355
488443748,SayHello,10000,16415
488449191,SayHello,10000,16350
488568575,SayHello,10000,16201
488656758,SayHello,10000,16336
488756258,SayHello,10000,16332
488860721,SayHello,10000,16352
488906308,SayHello,10000,16442
489017015,SayHello,10000,16355
489057788,SayHello,10000,16352
489285700,SayHello,10000,16200
489339686,SayHello,10000,16452
489384487,SayHello,10000,16367
489649144,SayHello,10000,16222
489802696,SayHello,10000,16343
489970313,SayHello,10000,16405
490009924,SayHello,10000,16353
490065061,SayHello,10000,16433
490073457,SayHello,10000,16375
490090896,SayHello,10000,16460
490212532,SayHello,10000,16226
490350479,SayHello,10000,16419
490416369,SayHello,10000,16199
490615917,SayHello,10000,16336
490620541,SayHello,10000,16299
490666643,SayHello,10000,16225
490682326,SayHello,10000,16421
490696125,SayHello,10000,16373
490709855,SayHello,10000,16359
490735953,SayHello,10000,16413
490771654,SayHello,10000,16393
490861322,SayHello,10000,16291
490894467,SayHello,10000,16224
491013729,SayHello,10000,16279
491443793,SayHello,10000,16390
491481850,SayHello,10000,16978
491678190,SayHello,10000,16310
491680397,SayHello,10000,16310
491699505,SayHello,10000,16330
491869748,SayHello,10000,16272
491944590,SayHello,10000,16365
492007471,SayHello,10000,16357
492054880,SayHello,10000,16396
492067489,SayHello,10000,16327
492079923,SayHello,10000,16225
492098800,SayHello,10000,16212
492155708,SayHello,10000,16380
492214270,SayHello,10000,16229
492258403,SayHello,10000,16353
492303088,SayHello,10000,16230
492307740,SayHello,10000,16357
492390785,SayHello,10000,16353
492456968,SayHello,10000,16345
492660086,SayHello,10000,16325
492661776,SayHello,10000,16200
492746529,SayHello,10000,16212
492760591,SayHello,10000,16380
493105206,SayHello,10000,16430
493163570,SayHello,10000,16326
493209967,SayHello,10000,16366
493303101,SayHello,10000,16208
493400240,SayHello,10000,16302
493414605,SayHello,10000,16406
493434630,SayHello,10000,16396
493444694,SayHello,10000,16446
493469567,SayHello,10000,16517
493485166,SayHello,10000,16243
493511773,SayHello,10000,16355
493512786,SayHello,10000,16360
493563909,SayHello,10000,16386
493664241,SayHello,10000,16426
493694234,SayHello,10000,16339
493821160,SayHello,10000,16296
493892325,SayHello,10000,16662
493907501,SayHello,10000,16227
494141336,SayHello,10000,16346
494153056,SayHello,10000,16389
494164399,SayHello,10000,16229
494248730,SayHello,10000,16410
494271264,SayHello,10000,16352
494444465,SayHello,10000,16334
494463774,SayHello,10000,16211
494503025,SayHello,10000,16428
494541877,SayHello,10000,16328
494567254,SayHello,10000,16454
494574989,SayHello,10000,16394
494619020,SayHello,10000,16348
494678402,SayHello,10000,16331
495049197,SayHello,10000,16305
495128601,SayHello,10000,16352
495291761,SayHello,10000,16336
495402278,SayHello,10000,16325
495536689,SayHello,10000,16383
495620395,SayHello,10000,16361
495644384,SayHello,10000,16325
495661476,SayHello,10000,16352
495661523,SayHello,10000,16418
495790322,SayHello,10000,16803
495827399,SayHello,10000,16404
496230251,SayHello,10000,16856
496287728,SayHello,10000,16394
496297580,SayHello,10000,16395
496357625,SayHello,10000,16393
496407128,SayHello,10000,16379
496516054,SayHello,10000,16388
496530717,SayHello,10000,16444
496673031,SayHello,10000,16345
496673887,SayHello,10000,16815
496932463,SayHello,10000,16545
496967071,SayHello,10000,16448
496999953,SayHello,10000,16200
497072010,SayHello,10000,16343
497144002,SayHello,10000,16337
497145002,SayHello,10000,16454
497199747,SayHello,10000,16201
497254549,SayHello,10000,16365
497265564,SayHello,10000,16359
497374583,SayHello,10000,16405
497471757,SayHello,10000,16422
497480480,SayHello,10000,16437
497658502,SayHello,10000,16253
497705661,SayHello,10000,16397
497724959,SayHello,10000,16343
497775913,SayHello,10000,16209
497826531,SayHello,10000,16332
497872206,SayHello,10000,16340
497873751,SayHello,10000,16346
497894422,SayHello,10000,16367
497934294,SayHello,10000,16433
497962157,SayHello,10000,16334
498154922,SayHello,10000,16214
498203599,SayHello,10000,16384
498276727,SayHello,10000,16331
498338824,SayHello,10000,16429
498415110,SayHello,10000,16401
498608973,SayHello,10000,16335
498807361,SayHello,10000,16276
498940011,SayHello,10000,16268
498955629,SayHello,10000,16380
498999938,SayHello,10000,16339
499166653,SayHello,10000,16460
499231383,SayHello,10000,16344
499243654,SayHello,10000,16415
499391173,SayHello,10000,16396
499444032,SayHello,10000,16357
499462463,SayHello,10000,16327
499487262,SayHello,10000,16346
499555470,SayHello,10000,16366
499570169,SayHello,10000,16390
499658448,SayHello,10000,16388
499775215,SayHello,10000,16397
499813888,SayHello,10000,16365
499821841,SayHello,10000,16341
499868586,SayHello,10000,16221
499917145,SayHello,10000,16323
500120412,SayHello,10000,16241
500148140,SayHello,10000,16266
500789538,SayHello,10000,16342
500805917,SayHello,10000,16391
500812276,SayHello,10000,16266
500885958,SayHello,10000,16440
501150349,SayHello,10000,16324
501241390,SayHello,10000,16213
501325211,SayHello,10000,16361
501383826,SayHello,10000,16424
501435154,SayHello,10000,16344
501613492,SayHello,10000,16354
501664972,SayHello,10000,16367
501936558,SayHello,10000,16228
501996657,SayHello,10000,16293
502013163,SayHello,10000,16359
502019405,SayHello,10000,16200
502147480,SayHello,10000,16369
502256817,SayHello,10000,16428
502273967,SayHello,10000,16424
502280470,SayHello,10000,16197
502308784,SayHello,10000,16212
502440417,SayHello,10000,16542
502732875,SayHello,10000,16406
502777203,SayHello,10000,16718
502806005,SayHello,10000,16407
502912445,SayHello,10000,16515
502993061,SayHello,10000,16358
503141293,SayHello,10000,16358
503254282,SayHello,10000,16362
503263279,SayHello,10000,16733
503277101,SayHello,10000,16399
503464605,SayHello,10000,16304
503500006,SayHello,10000,16347
503535869,SayHello,10000,16217
503542759,SayHello,10000,16339
503648178,SayHello,10000,16346
503717348,SayHello,10000,16348
503765155,SayHello,10000,16411
503806598,SayHello,10000,16429
503952507,SayHello,10000,16353
504150921,SayHello,10000,16411
504216383,SayHello,10000,16298
504259312,SayHello,10000,16431
504421910,SayHello,10000,16298
504586328,SayHello,10000,16311
504607301,SayHello,10000,16463
504750821,SayHello,10000,16533
504764911,SayHello,10000,16340
504817122,SayHello,10000,16391
504885142,SayHello,10000,16330
504989459,SayHello,10000,16423
505052759,SayHello,10000,16197
505109269,SayHello,10000,16346
505189850,SayHello,10000,16423
505221455,SayHello,10000,16426
505417310,SayHello,10000,16354
505425262,SayHello,10000,16372
505438470,SayHello,10000,16698
505466815,SayHello,10000,16338
505499879,SayHello,10000,16328
505671355,SayHello,10000,16223
505785404,SayHello,10000,16434
505802317,SayHello,10000,16390
506153056,SayHello,10000,16342
506305551,SayHello,10000,16349
506398822,SayHello,10000,16395
506511505,SayHello,10000,16357
506522795,SayHello,10000,16459
506619317,SayHello,10000,16388
506654812,SayHello,10000,16314
506682522,SayHello,10000,16344
506705859,SayHello,10000,16349
506773863,SayHello,10000,16357
506821864,SayHello,10000,16378
507064894,SayHello,10000,16341
507095119,SayHello,10000,16423
507126982,SayHello,10000,16339
507181805,SayHello,10000,16277
507211641,SayHello,10000,16327
507238101,SayHello,10000,16329
507333936,SayHello,10000,16345
507382024,SayHello,10000,16348
507388013,SayHello,10000,16427
507418914,SayHello,10000,16589
507457569,SayHello,10000,16431
507586215,SayHello,10000,16428
507662687,SayHello,10000,16221
507692670,SayHello,10000,16233
507770620,SayHello,10000,16317
507821069,SayHello,10000,16351
507917288,SayHello,10000,16358
507972000,SayHello,10000,16320
508123733,SayHello,10000,16213
508343725,SayHello,10000,16328
508562767,SayHello,10000,16339
508648015,SayHello,10000,16357
508654767,SayHello,10000,16363
508864946,SayHello,10000,16367
508875400,SayHello,10000,16352
508885707,SayHello,10000,16357
508935387,SayHello,10000,16318
509089747,SayHello,10000,16227
509113622,SayHello,10000,16385
509147579,SayHello,10000,16415
509271383,SayHello,10000,16234
509307147,SayHello,10000,16327
509308519,SayHello,10000,16326
509469753,SayHello,10000,16358
509632312,SayHello,10000,16392
509646185,SayHello,10000,16323
509763629,SayHello,10000,16351
509896544,SayHello,10000,16225
509927184,SayHello,10000,16392
510095688,SayHello,10000,16226
510178482,SayHello,10000,16393
510190633,SayHello,10000,16356
510414344,SayHello,10000,16333
510524431,SayHello,10000,16372
510551802,SayHello,10000,16336
510600718,SayHello,10000,16206
510666952,SayHello,10000,16203
510681512,SayHello,10000,16380
510709218,SayHello,10000,16358
510906469,SayHello,10000,16403
510999409,SayHello,10000,16449
510999659,SayHello,10000,16221
511115108,SayHello,10000,16372
511201999,SayHello,10000,16365
511230243,SayHello,10000,16398
511240658,SayHello,10000,16346
511248197,SayHello,10000,16382
511249807,SayHello,10000,16464
511359675,SayHello,10000,16342
511448110,SayHello,10000,16392
511533261,SayHello,10000,16391
511639716,SayHello,10000,16391
511707401,SayHello,10000,16364
511989787,SayHello,10000,16392
512175323,SayHello,10000,16400
512277781,SayHello,10000,16355
512424527,SayHello,10000,16239
512446151,SayHello,10000,16334
512452022,SayHello,10000,16399
512454050,SayHello,10000,16357
512461452,SayHello,10000,16363
512464137,SayHello,10000,16286
512566942,SayHello,10000,16422
512618817,SayHello,10000,16229
512668150,SayHello,10000,16365
512704253,SayHello,10000,16365
512772000,SayHello,10000,16374
512781296,SayHello,10000,16409
512909894,SayHello,10000,16224
512918482,SayHello,10000,16453
513354041,SayHello,10000,16436
513620536,SayHello,10000,16361
513763300,SayHello,10000,16364
513824828,SayHello,10000,16330
513968987,SayHello,10000,16439
514054299,SayHello,10000,16658
514085181,SayHello,10000,16420
514115423,SayHello,10000,16276
514115583,SayHello,10000,16359
514257420,SayHello,10000,16882
514295189,SayHello,10000,16200
514444381,SayHello,10000,16598
514462490,SayHello,10000,16441
514669548,SayHello,10000,16287
514678091,SayHello,10000,16405
514717826,SayHello,10000,16429
514802993,SayHello,10000,16227
514878562,SayHello,10000,16369
514990738,SayHello,10000,16320
515049291,SayHello,10000,16394
515066373,SayHello,10000,16336
515304914,SayHello,10000,16429
515355973,SayHello,10000,16476
515460888,SayHello,10000,16335
515734345,SayHello,10000,16351
515760606,SayHello,10000,16351
515826287,SayHello,10000,16420
515906421,SayHello,10000,16328
515927629,SayHello,10000,16366
516089762,SayHello,10000,16321
516288384,SayHello,10000,16204
516437276,SayHello,10000,16360
516458562,SayHello,10000,16338
516466307,SayHello,10000,16521
516468210,SayHello,10000,16229
516493462,SayHello,10000,16354
516527412,SayHello,10000,16392
516556433,SayHello,10000,16199
516568150,SayHello,10000,16349
516575308,SayHello,10000,16198
516603209,SayHello,10000,16392
516718307,SayHello,10000,16350
516738467,SayHello,10000,16349
517011050,SayHello,10000,16290
517053337,SayHello,10000,16312
517153716,SayHello,10000,16382
517221163,SayHello,10000,16326
517225716,SayHello,10000,16388
517227624,SayHello,10000,16341
517303843,SayHello,10000,16393
517647448,SayHello,10000,16368
517676890,SayHello,10000,16329
517698877,SayHello,10000,16386
517750769,SayHello,10000,16323
517789339,SayHello,10000,16395
517960753,SayHello,10000,16198
518070990,SayHello,10000,16433
518225326,SayHello,10000,16324
518439885,SayHello,10000,16365
518457567,SayHello,10000,16418
518632804,SayHello,10000,16329
518714273,SayHello,10000,16367
518744003,SayHello,10000,16362
518815137,SayHello,10000,16384
518897772,SayHello,10000,16343
519019938,SayHello,10000,16359
519053433,SayHello,10000,16390
519169855,SayHello,10000,16222
519389650,SayHello,10000,16435
519411868,SayHello,10000,16420
519413463,SayHello,10000,16349
519459402,SayHello,10000,16225
519497037,SayHello,10000,16304
519547962,SayHello,10000,16395
519721327,SayHello,10000,16302
519772979,SayHello,10000,16364
519942077,SayHello,10000,16358
519957949,SayHello,10000,16325
520006786,SayHello,10000,16325
520033811,SayHello,10000,16430
520035880,SayHello,10000,16319
520139553,SayHello,10000,16327
520247910,SayHello,10000,16296
520407016,SayHello,10000,16422
520460083,SayHello,10000,16398
520522124,SayHello,10000,16408
520608146,SayHello,10000,16258
520608408,SayHello,10000,16460
520632243,SayHello,10000,16349
520747028,SayHello,10000,16300
520907531,SayHello,10000,16398
520980074,SayHello,10000,16397
520983869,SayHello,10000,16414
521078995,SayHello,10000,16391
521112088,SayHello,10000,16407
521118092,SayHello,10000,16224
521167856,SayHello,10000,16416
521258742,SayHello,10000,16435
521299715,SayHello,10000,16373
521312511,SayHello,10000,16329
521448782,SayHello,10000,16345
521457174,SayHello,10000,16420
521552939,SayHello,10000,16358
521597699,SayHello,10000,16276
521603635,SayHello,10000,16400
521660014,SayHello,10000,16397
521663324,SayHello,10000,16346
521673134,SayHello,10000,16403
521861568,SayHello,10000,16277
522000507,SayHello,10000,16286
522018552,SayHello,10000,16368
522028597,SayHello,10000,16356
522058922,SayHello,10000,16331
522100839,SayHello,10000,16409
522465992,SayHello,10000,16352
522598077,SayHello,10000,16395
522626800,SayHello,10000,16351
522666266,SayHello,10000,16460
523188893,SayHello,10000,16440
523206509,SayHello,10000,16534
523228479,SayHello,10000,16233
523250357,SayHello,10000,16258
523402314,SayHello,10000,16342
523421734,SayHello,10000,16250
523598931,SayHello,10000,16356
523881105,SayHello,10000,16334
523922795,SayHello,10000,16358
524004122,SayHello,10000,16363
524050460,SayHello,10000,16229
524052471,SayHello,10000,16401
524087636,SayHello,10000,16345
524191937,SayHello,10000,16395
524272861,SayHello,10000,16398
524406828,SayHello,10000,16356
524453860,SayHello,10000,16348
524489521,SayHello,10000,16211
524501826,SayHello,10000,16316
524598974,SayHello,10000,18281
524629615,SayHello,10000,16350
524725049,SayHello,10000,16358
524789356,SayHello,10000,16428
524836313,SayHello,10000,16375
525059907,SayHello,10000,16246
525071055,SayHello,10000,16227
525122535,SayHello,10000,16360
525125181,SayHello,10000,16311
525278955,SayHello,10000,16348
525279560,SayHello,10000,16512
525294473,SayHello,10000,16283
525298967,SayHello,10000,16363
525388147,SayHello,10000,16377
525513106,SayHello,10000,16261
525534977,SayHello,10000,16616
525589836,SayHello,10000,16227
525654235,SayHello,10000,16350
525891801,SayHello,10000,16599
525992109,SayHello,10000,16372
526022408,SayHello,10000,16348
526161187,SayHello,10000,16235
526233350,SayHello,10000,16328
526502512,SayHello,10000,16426
526544196,SayHello,10000,16376
526651501,SayHello,10000,16330
526706270,SayHello,10000,16345
526765359,SayHello,10000,16340
526797068,SayHello,10000,16398
527096857,SayHello,10000,16331
527130812,SayHello,10000,16427
527240806,SayHello,10000,16223
527320720,SayHello,10000,16202
527352631,SayHello,10000,16420
527360819,SayHello,10000,16251
527367080,SayHello,10000,16392
527605133,SayHello,10000,16332
527673580,SayHello,10000,16368
527706351,SayHello,10000,16242
527715311,SayHello,10000,16395
527900707,SayHello,10000,16347
528171333,SayHello,10000,16377
528201283,SayHello,10000,16358
528229182,SayHello,10000,16423
528244466,SayHello,10000,16308
528418704,SayHello,10000,16205
528523855,SayHello,10000,16417
528556467,SayHello,10000,16277
528718710,SayHello,10000,16359
528936295,SayHello,10000,16427
528956375,SayHello,10000,16418
528959764,SayHello,10000,16228
528961416,SayHello,10000,16281
529043655,SayHello,10000,16302
529088054,SayHello,10000,16429
529110184,SayHello,10000,16387
529185083,SayHello,10000,16362
529192838,SayHello,10000,16388
529263136,SayHello,10000,16338
529267651,SayHello,10000,16334
529305868,SayHello,10000,16388
529485609,SayHello,10000,16201
529724819,SayHello,10000,16195
529742829,SayHello,10000,16350
529743956,SayHello,10000,16522
529935976,SayHello,10000,16311
530033666,SayHello,10000,16200
530248878,SayHello,10000,16213
530342681,SayHello,10000,16229
530349724,SayHello,10000,16412
530357499,SayHello,10000,16400
530386584,SayHello,10000,16299
530506069,SayHello,10000,16360
530546819,SayHello,10000,16375
530623912,SayHello,10000,16413
530632676,SayHello,10000,16351
530663086,SayHello,10000,16362
530680774,SayHello,10000,16342
530857279,SayHello,10000,16332
530936342,SayHello,10000,16212
531422159,SayHello,10000,16347
531485316,SayHello,10000,16352
531684867,SayHello,10000,16366
531771299,SayHello,10000,16344
531840461,SayHello,10000,16226
531930772,SayHello,10000,16752
531949111,SayHello,10000,16233
532218388,SayHello,10000,16440
532563545,SayHello,10000,16321
532625474,SayHello,10000,16433
532651658,SayHello,10000,16434
532662942,SayHello,10000,16339
532702484,SayHello,10000,16379
532949354,SayHello,10000,16391
532979243,SayHello,10000,16398
533014474,SayHello,10000,16227
533078172,SayHello,10000,16459
533118421,SayHello,10000,16346
533229841,SayHello,10000,16403
533254177,SayHello,10000,16353
533281792,SayHello,10000,16720
533349687,SayHello,10000,16332
533609931,SayHello,10000,16353
533658025,SayHello,10000,16355
533817657,SayHello,10000,16328
533882739,SayHello,10000,16211
534042669,SayHello,10000,16370
534189448,SayHello,10000,16334
534191665,SayHello,10000,16382
534199019,SayHello,10000,16346
534212556,SayHello,10000,16330
534318744,SayHello,10000,16377
534332055,SayHello,10000,16357
534382677,SayHello,10000,16363
534412545,SayHello,10000,16243
534496406,SayHello,10000,16338
534538738,SayHello,10000,16382
534921016,SayHello,10000,16236
535162173,SayHello,10000,16245
535215151,SayHello,10000,16208
535293593,SayHello,10000,16197
535330466,SayHello,10000,16344
535333135,SayHello,10000,16285
535351691,SayHello,10000,16369
535619048,SayHello,10000,16199
535675574,SayHello,10000,16440
535735672,SayHello,10000,16526
535922264,SayHello,10000,16196
536031431,SayHello,10000,16211
536050822,SayHello,10000,16241
536213485,SayHello,10000,16381
536409090,SayHello,10000,16351
536413282,SayHello,10000,16400
536420800,SayHello,10000,16366
536557910,SayHello,10000,16628
536663127,SayHello,10000,16428
536784316,SayHello,10000,16332
536796245,SayHello,10000,16226
536865853,SayHello,10000,16278
536907811,SayHello,10000,16346
537245290,SayHello,10000,16432
537342420,SayHello,10000,16360
537545220,SayHello,10000,16359
537551399,SayHello,10000,16455
537635823,SayHello,10000,16348
537651199,SayHello,10000,16383
537990602,SayHello,10000,16325
538055543,SayHello,10000,16395
538161903,SayHello,10000,16472
538173739,SayHello,10000,16312
538360431,SayHello,10000,16334
538382326,SayHello,10000,16348
538667035,SayHello,10000,16223
538759521,SayHello,10000,16299
538876840,SayHello,10000,16356
539138791,SayHello,10000,16342
539172339,SayHello,10000,16365
539190544,SayHello,10000,16448
539259724,SayHello,10000,16345
539315723,SayHello,10000,16368
539413683,SayHello,10000,16200
539443695,SayHello,10000,16310
539467515,SayHello,10000,16325
539528591,SayHello,10000,16443
539594488,SayHello,10000,16403
539608021,SayHello,10000,16339
539703719,SayHello,10000,16350
539847171,SayHello,10000,16361
539854768,SayHello,10000,16339
539869531,SayHello,10000,16234
539930811,SayHello,10000,16350
540061168,SayHello,10000,16802
540104263,SayHello,10000,16429
540217463,SayHello,10000,16489
540278515,SayHello,10000,16353
540356432,SayHello,10000,16225
540489373,SayHello,10000,16358
540651125,SayHello,10000,16334
540651138,SayHello,10000,16370
540741574,SayHello,10000,16420
540747043,SayHello,10000,16339
540800087,SayHello,10000,16358
540803190,SayHello,10000,16427
540839267,SayHello,10000,16438
540881044,SayHello,10000,16358
540902848,SayHello,10000,16413
540943238,SayHello,10000,16347
541001826,SayHello,10000,16437
541047350,SayHello,10000,16346
541264338,SayHello,10000,16334
541367905,SayHello,10000,16334
541374457,SayHello,10000,16402
541459450,SayHello,10000,16207
541716138,SayHello,10000,16423
541719276,SayHello,10000,16383
541799741,SayHello,10000,16203
541972416,SayHello,10000,16196
541996299,SayHello,10000,16461
542018129,SayHello,10000,16352
542141812,SayHello,10000,16338
542171157,SayHello,10000,16396
542174146,SayHello,10000,16329
542243217,SayHello,10000,16228
542272095,SayHello,10000,16363
542330340,SayHello,10000,16356
542445179,SayHello,10000,16371
542486088,SayHello,10000,16428
542489060,SayHello,10000,16381
542533796,SayHello,10000,16443
542635874,SayHello,10000,16356
542735122,SayHello,10000,16218
542783620,SayHello,10000,16422
542809614,SayHello,10000,16350
542840728,SayHello,10000,16211
542931700,SayHello,10000,16485
543330621,SayHello,10000,16390
543544489,SayHello,10000,16455
543613113,SayHello,10000,16358
543667699,SayHello,10000,16241
543759773,SayHello,10000,16211
543830476,SayHello,10000,16357
543833612,SayHello,10000,16279
543952456,SayHello,10000,16378
544159373,SayHello,10000,16393
544181008,SayHello,10000,16398
544209603,SayHello,10000,16427
544225647,SayHello,10000,16349
544303187,SayHello,10000,16365
544314318,SayHello,10000,16248
544394393,SayHello,10000,16375
544585425,SayHello,10000,16426
544675541,SayHello,10000,16331
544722844,SayHello,10000,16582
544741689,SayHello,10000,16342
544949591,SayHello,10000,16305
544969684,SayHello,10000,16330
544988051,SayHello,10000,16427
545044579,SayHello,10000,16334
545090527,SayHello,10000,16464
545111816,SayHello,10000,16320
545118045,SayHello,10000,16223
545205508,SayHello,10000,16426
545223649,SayHello,10000,16394
545265963,SayHello,10000,16417
545478006,SayHello,10000,16392
545519573,SayHello,10000,16359
545617647,SayHello,10000,16353
545891871,SayHello,10000,16396
545893857,SayHello,10000,16396
545915993,SayHello,10000,16281
546189741,SayHello,10000,16380
546281989,SayHello,10000,16414
546378124,SayHello,10000,16409
546495395,SayHello,10000,16403
546511266,SayHello,10000,16364
546552333,SayHello,10000,16433
546577931,SayHello,10000,16295
546646247,SayHello,10000,16289
546679695,SayHello,10000,16254
546859633,SayHello,10000,16435
546863902,SayHello,10000,16344
546980020,SayHello,10000,16349
547211010,SayHello,10000,16394
547252722,SayHello,10000,16378
547335087,SayHello,10000,16636
547397605,SayHello,10000,16329
547515525,SayHello,10000,16357
547540137,SayHello,10000,16351
547559013,SayHello,10000,16392
547652299,SayHello,10000,16361
547728526,SayHello,10000,16340
547751394,SayHello,10000,16219
547751947,SayHello,10000,16340
547790329,SayHello,10000,16284
547796715,SayHello,10000,16207
547984580,SayHello,10000,16379
548259004,SayHello,10000,16397
548366099,SayHello,10000,16369
548453445,SayHello,10000,16391
548527441,SayHello,10000,16356
548533344,SayHello,10000,16427
548541379,SayHello,10000,16322
548764016,SayHello,10000,16420
548854665,SayHello,10000,16448
548891481,SayHello,10000,16347
548997335,SayHello,10000,16384
549077020,SayHello,10000,16397
549077520,SayHello,10000,16255
549178046,SayHello,10000,16276
549198966,SayHello,10000,16302
549225419,SayHello,10000,16355
549408903,SayHello,10000,16390
549504152,SayHello,10000,16343
549511996,SayHello,10000,16403
549524582,SayHello,10000,16332
549611503,SayHello,10000,16363
549936318,SayHello,10000,16204
549936454,SayHello,10000,16337
550208219,SayHello,10000,16715
550250575,SayHello,10000,16565
550324565,SayHello,10000,16204
550420896,SayHello,10000,16396
550581210,SayHello,10000,16395
550649586,SayHello,10000,16198
550956002,SayHello,10000,16590
551059701,SayHello,10000,16320
551122613,SayHello,10000,16222
551136497,SayHello,10000,16386
551143740,SayHello,10000,16348
551151093,SayHello,10000,16504
551217846,SayHello,10000,16322
551306100,SayHello,10000,16231
551419936,SayHello,10000,16276
551431104,SayHello,10000,16399
551483362,SayHello,10000,16245
551500523,SayHello,10000,16199
551558638,SayHello,10000,16390
551665625,SayHello,10000,16394
551692589,SayHello,10000,16390
551705112,SayHello,10000,16400
551765129,SayHello,10000,16825
551807859,SayHello,10000,16231
551818350,SayHello,10000,16307
551869669,SayHello,10000,16335
551913489,SayHello,10000,16440
551990835,SayHello,10000,16396
552034264,SayHello,10000,16444
552163558,SayHello,10000,16258
552173287,SayHello,10000,16438
552213515,SayHello,10000,16328
552267501,SayHello,10000,16406
552298956,SayHello,10000,16356
552428246,SayHello,10000,16371
552439698,SayHello,10000,16359
552480766,SayHello,10000,16390
552518228,SayHello,10000,16376
552531857,SayHello,10000,16288
552627496,SayHello,10000,16348
552649764,SayHello,10000,16337
552731117,SayHello,10000,16520
552779051,SayHello,10000,16387
552812860,SayHello,10000,16429
552951073,SayHello,10000,16274
553106562,SayHello,10000,16316
553108670,SayHello,10000,16240
553185258,SayHello,10000,16381
553190264,SayHello,10000,16373
553280069,SayHello,10000,16333
553349728,SayHello,10000,16351
553438809,SayHello,10000,16319
553783793,SayHello,10000,16394
554206905,SayHello,10000,16385
554362794,SayHello,10000,16327
554395649,SayHello,10000,16356
554567886,SayHello,10000,16355
554672871,SayHello,10000,16230
554690434,SayHello,10000,16379
554702690,SayHello,10000,16418
554858968,SayHello,10000,16329
555076671,SayHello,10000,16419
555343106,SayHello,10000,16415
555438441,SayHello,10000,16340
555579383,SayHello,10000,16278
555635009,SayHello,10000,16346
555660435,SayHello,10000,16319
555692508,SayHello,10000,16366
555698621,SayHello,10000,16354
556112754,SayHello,10000,16406
556170150,SayHello,10000,16331
556219081,SayHello,10000,16202
556457067,SayHello,10000,16378
556508628,SayHello,10000,16231
556697145,SayHello,10000,16420
556724190,SayHello,10000,16397
556763343,SayHello,10000,16230
556832251,SayHello,10000,16329
556899045,SayHello,10000,16499
556939257,SayHello,10000,16416
557020897,SayHello,10000,16388
557037561,SayHello,10000,16429
557118725,SayHello,10000,16245
557129474,SayHello,10000,16210
557180925,SayHello,10000,16243
557329784,SayHello,10000,16402
557335391,SayHello,10000,16417
557371115,SayHello,10000,16384
557386131,SayHello,10000,16359
557412616,SayHello,10000,16200
557600339,SayHello,10000,16391
557634930,SayHello,10000,16226
557837317,SayHello,10000,16508
557839679,SayHello,10000,16341
558057356,SayHello,10000,16389
558092949,SayHello,10000,16412
558262800,SayHello,10000,16303
558413040,SayHello,10000,16207
558434846,SayHello,10000,16414
558548048,SayHello,10000,16394
558610433,SayHello,10000,16205
558645749,SayHello,10000,16373
558689253,SayHello,10000,16361
558713649,SayHello,10000,16303
558714249,SayHello,10000,16210
558813026,SayHello,10000,16394
558838550,SayHello,10000,16372
558905368,SayHello,10000,16390
558942834,SayHello,10000,16368
558967058,SayHello,10000,16415
559101709,SayHello,10000,16436
559121600,SayHello,10000,16366
559197464,SayHello,10000,16201
559214462,SayHello,10000,16402
559234574,SayHello,10000,16377
559446157,SayHello,10000,16361
559511756,SayHello,10000,16301
559570568,SayHello,10000,16377
559584760,SayHello,10000,16209
559923214,SayHello,10000,16346
560018739,SayHello,10000,16399
560036248,SayHello,10000,16402
560070298,SayHello,10000,16337
560152343,SayHello,10000,16371
560152423,SayHello,10000,16356
560244807,SayHello,10000,16347
560252698,SayHello,10000,16418
560278962,SayHello,10000,16392
560492181,SayHello,10000,16372
560569915,SayHello,10000,16393
560619367,SayHello,10000,16222
560686204,SayHello,10000,16360
560688317,SayHello,10000,16390
560795122,SayHello,10000,16430
560856081,SayHello,10000,16354
560867196,SayHello,10000,16339
560917080,SayHello,10000,16445
561141197,SayHello,10000,16390
561203554,SayHello,10000,16580
561252845,SayHello,10000,16365
561302245,SayHello,10000,16287
561333633,SayHello,10000,16403
561382339,SayHello,10000,16221
561404177,SayHello,10000,16343
561410207,SayHello,10000,16229
561554512,SayHello,10000,16580
561658932,SayHello,10000,16210
561739227,SayHello,10000,16384
561787920,SayHello,10000,16230
561843831,SayHello,10000,16222
561916402,SayHello,10000,16356
561958879,SayHello,10000,16308
562000536,SayHello,10000,16357
562198157,SayHello,10000,16398
562263215,SayHello,10000,16358
562291978,SayHello,10000,16359
562292152,SayHello,10000,16234
562296053,SayHello,10000,16250
562383093,SayHello,10000,16350
562458459,SayHello,10000,16401
562496422,SayHello,10000,16227
562516912,SayHello,10000,16351
562601746,SayHello,10000,16301
562917627,SayHello,10000,16536
562969568,SayHello,10000,16342
563024766,SayHello,10000,16377
563065723,SayHello,10000,16367
563091688,SayHello,10000,16391
563318280,SayHello,10000,16327
563501064,SayHello,10000,16210
563559271,SayHello,10000,16348
563588368,SayHello,10000,16209
563631511,SayHello,10000,16409
563713431,SayHello,10000,16428
563806051,SayHello,10000,16350
564026993,SayHello,10000,16339
564067855,SayHello,10000,16345
564193450,SayHello,10000,16347
564632293,SayHello,10000,16417
564797441,SayHello,10000,16338
564814647,SayHello,10000,16333
564816699,SayHello,10000,16354
564838268,SayHello,10000,16226
564855793,SayHello,10000,16331
564896259,SayHello,10000,16309
564946070,SayHello,10000,16373
565053338,SayHello,10000,16363
565192298,SayHello,10000,16357
565219649,SayHello,10000,16399
565266674,SayHello,10000,16391
565356468,SayHello,10000,16225
565386525,SayHello,10000,16244
565485813,SayHello,10000,16231
565502296,SayHello,10000,16274
565639334,SayHello,10000,16407
565645633,SayHello,10000,16334
565680604,SayHello,10000,16412
566099832,SayHello,10000,16379
566121594,SayHello,10000,16320
566158986,SayHello,10000,16346
566191719,SayHello,10000,16361
566293305,SayHello,10000,16343
566325661,SayHello,10000,16386
566328482,SayHello,10000,16425
566444676,SayHello,10000,16200
566468112,SayHello,10000,16420
566536316,SayHello,10000,16317
566636858,SayHello,10000,16379
567095554,SayHello,10000,16358
567126038,SayHello,10000,16205
567133577,SayHello,10000,16349
567137100,SayHello,10000,16398
567258319,SayHello,10000,16362
567617626,SayHello,10000,16235
567759517,SayHello,10000,16395
567903842,SayHello,10000,16348
568033408,SayHello,10000,16369
568108165,SayHello,10000,16362
568245386,SayHello,10000,16361
568265208,SayHello,10000,16202
568299046,SayHello,10000,16226
568341206,SayHello,10000,16413
568345312,SayHello,10000,16430
568396381,SayHello,10000,16392
568616542,SayHello,10000,16439
568726513,SayHello,10000,16281
568945125,SayHello,10000,16253
569349969,SayHello,10000,16359
569539691,SayHello,10000,16373
569596884,SayHello,10000,16357
569599217,SayHello,10000,16834
569615461,SayHello,10000,16251
569703822,SayHello,10000,16592
569806714,SayHello,10000,16370
569902594,SayHello,10000,16201
569943993,SayHello,10000,16356
570069399,SayHello,10000,16368
570104349,SayHello,10000,16345
570127192,SayHello,10000,16226
570136558,SayHello,10000,16357
570164455,SayHello,10000,16338
570204877,SayHello,10000,16201
570592139,SayHello,10000,16388
570646837,SayHello,10000,16336
570723433,SayHello,10000,16328
570744804,SayHello,10000,16400
570865459,SayHello,10000,16395
570915060,SayHello,10000,16344
570918771,SayHello,10000,16428
571054457,SayHello,10000,16402
571076370,SayHello,10000,16354
571147584,SayHello,10000,16345
571227729,SayHello,10000,16348
571230073,SayHello,10000,16260
571286814,SayHello,10000,16422
571339335,SayHello,10000,16227
571343283,SayHello,10000,16361
571382757,SayHello,10000,16456
571390399,SayHello,10000,16201
571593917,SayHello,10000,16347
571603690,SayHello,10000,16433
571612344,SayHello,10000,16438
571667913,SayHello,10000,16335
571727504,SayHello,10000,16397
571947766,SayHello,10000,16327
571993893,SayHello,10000,16400
572058673,SayHello,10000,16371
572178133,SayHello,10000,16395
572218096,SayHello,10000,16365
572242648,SayHello,10000,16866
572278393,SayHello,10000,16355
572309500,SayHello,10000,16620
572520103,SayHello,10000,16345
572589916,SayHello,10000,16458
572595101,SayHello,10000,16370
572666453,SayHello,10000,16404
572733667,SayHello,10000,16361
572772890,SayHello,10000,16366
572783530,SayHello,10000,16391
572830500,SayHello,10000,16202
572833817,SayHello,10000,16401
572888711,SayHello,10000,16398
572980232,SayHello,10000,16348
573003923,SayHello,10000,16417
573018746,SayHello,10000,16230
573229487,SayHello,10000,16344
573331587,SayHello,10000,16224
573351172,SayHello,10000,16540
573381636,SayHello,10000,16325
573590358,SayHello,10000,16724
573597444,SayHello,10000,16216
573693666,SayHello,10000,16612
573841979,SayHello,10000,16344
573993945,SayHello,10000,16387
574019920,SayHello,10000,16390
574182679,SayHello,10000,16228
574220441,SayHello,10000,16398
574230127,SayHello,10000,16359
574337775,SayHello,10000,16361
574401992,SayHello,10000,16335
574777931,SayHello,10000,16358
574976693,SayHello,10000,16349
575013016,SayHello,10000,16253
575023555,SayHello,10000,16273
575124648,SayHello,10000,16354
575239261,SayHello,10000,16364
575283131,SayHello,10000,16400
575359726,SayHello,10000,16385
575368936,SayHello,10000,16423
575780761,SayHello,10000,16339
575898530,SayHello,10000,16212
575981355,SayHello,10000,16394
576034479,SayHello,10000,16339
576083281,SayHello,10000,16358
576216510,SayHello,10000,16353
576282589,SayHello,10000,16391
576319491,SayHello,10000,16370
576397241,SayHello,10000,16400
576420770,SayHello,10000,16611
576454675,SayHello,10000,16287
576495363,SayHello,10000,16202
576618114,SayHello,10000,16402
576621123,SayHello,10000,16208
576693835,SayHello,10000,16487
576849812,SayHello,10000,16310
576918815,SayHello,10000,16349
576952261,SayHello,10000,16331
576960887,SayHello,10000,16368
577159299,SayHello,10000,16389
577218465,SayHello,10000,16210
577649736,SayHello,10000,16343
577679859,SayHello,10000,16362
577727393,SayHello,10000,16576
577826375,SayHello,10000,16361
578069972,SayHello,10000,16333
578100169,SayHello,10000,16344
578245251,SayHello,10000,16531
578249031,SayHello,10000,16230
578306607,SayHello,10000,16346
578334165,SayHello,10000,16299
578336827,SayHello,10000,16290
578373786,SayHello,10000,16228
578438866,SayHello,10000,16362
578774581,SayHello,10000,16336
578869553,SayHello,10000,16362
578880214,SayHello,10000,16360
578882812,SayHello,10000,16358
578927924,SayHello,10000,16436
578930608,SayHello,10000,16202
578940632,SayHello,10000,16226
578980780,SayHello,10000,16423
579094530,SayHello,10000,16291
579128143,SayHello,10000,16413
579153778,SayHello,10000,16437
579156065,SayHello,10000,16357
579249027,SayHello,10000,16350
579426280,SayHello,10000,16391
579531026,SayHello,10000,16385
579583779,SayHello,10000,16226
579676215,SayHello,10000,16682
579681728,SayHello,10000,16351
579734248,SayHello,10000,16427
579787714,SayHello,10000,16388
579795187,SayHello,10000,16361
579877070,SayHello,10000,16199
579929188,SayHello,10000,16359
579990597,SayHello,10000,16400
580026296,SayHello,10000,16333
580090686,SayHello,10000,16421
580183392,SayHello,10000,16241
580255354,SayHello,10000,16358
580289000,SayHello,10000,16387
580323378,SayHello,10000,16388
580324810,SayHello,10000,16411
580433431,SayHello,10000,16353
580597060,SayHello,10000,16342
580850860,SayHello,10000,16201
580954583,SayHello,10000,16237
580992636,SayHello,10000,16389
581035440,SayHello,10000,16331
581051214,SayHello,10000,16364
581159891,SayHello,10000,16218
581209751,SayHello,10000,16392
581353422,SayHello,10000,16303
581406497,SayHello,10000,16398
581690089,SayHello,10000,16361
581691223,SayHello,10000,16238
581909936,SayHello,10000,16331
582075643,SayHello,10000,16418
582171352,SayHello,10000,16361
582337039,SayHello,10000,16391
582358101,SayHello,10000,16353
582433975,SayHello,10000,16342
582474601,SayHello,10000,16288
582575210,SayHello,10000,16279
582659599,SayHello,10000,16211
582851803,SayHello,10000,16348
582858733,SayHello,10000,16357
583013502,SayHello,10000,16377
583262329,SayHello,10000,16216
583293991,SayHello,10000,16347
583320069,SayHello,10000,16228
583428015,SayHello,10000,16325
583523008,SayHello,10000,16415
583543446,SayHello,10000,16360
583578601,SayHello,10000,16349
583579573,SayHello,10000,16291
583588488,SayHello,10000,16237
583608614,SayHello,10000,16367
583679992,SayHello,10000,16202
583767685,SayHello,10000,16397
583864274,SayHello,10000,16360
584198006,SayHello,10000,16375
584398023,SayHello,10000,16316
584424542,SayHello,10000,16378
584469116,SayHello,10000,16200
584540695,SayHello,10000,16389
584687017,SayHello,10000,16301
584717511,SayHello,10000,16372
584723504,SayHello,10000,16258
584865407,SayHello,10000,16422
585067726,SayHello,10000,16358
585084238,SayHello,10000,16351
585440940,SayHello,10000,16337
585592361,SayHello,10000,16196
585604376,SayHello,10000,16392
585694274,SayHello,10000,16328
585837436,SayHello,10000,16344
586071703,SayHello,10000,16397
586100713,SayHello,10000,16564
586183698,SayHello,10000,16347
586257721,SayHello,10000,16200
586380134,SayHello,10000,16330
586411773,SayHello,10000,16402
586423587,SayHello,10000,16364
586430846,SayHello,10000,16292
586536189,SayHello,10000,16437
586622021,SayHello,10000,16330
586629059,SayHello,10000,16414
586705521,SayHello,10000,16225
586744205,SayHello,10000,16330
586797023,SayHello,10000,16236
586823427,SayHello,10000,16400
586891539,SayHello,10000,16449
586949133,SayHello,10000,16355
587071271,SayHello,10000,16419
587073505,SayHello,10000,16292
587184510,SayHello,10000,16432
587401091,SayHello,10000,16419
587672861,SayHello,10000,17005
587682090,SayHello,10000,16386
587737762,SayHello,10000,16374
587824947,SayHello,10000,16361
587982718,SayHello,10000,16423
588097658,SayHello,10000,16393
588313394,SayHello,10000,16421
588591328,SayHello,10000,16355
588692989,SayHello,10000,16380
588831800,SayHello,10000,16356
588840103,SayHello,10000,16354
588874518,SayHello,10000,16375
588955298,SayHello,10000,16387
589076140,SayHello,10000,16282
589216229,SayHello,10000,16439
589240216,SayHello,10000,16440
589416754,SayHello,10000,16433
589453729,SayHello,10000,16337
589466319,SayHello,10000,16550
589567751,SayHello,10000,16476
589594013,SayHello,10000,16374
589612272,SayHello,10000,16204
589622163,SayHello,10000,16262
589689120,SayHello,10000,16368
589897002,SayHello,10000,16203
589900247,SayHello,10000,16344
590090902,SayHello,10000,16286
590116969,SayHello,10000,16335
590167523,SayHello,10000,16469
590250197,SayHello,10000,16431
590467133,SayHello,10000,16336
590498169,SayHello,10000,16224
590531989,SayHello,10000,16389
590534560,SayHello,10000,16391
590689158,SayHello,10000,16439
590894786,SayHello,10000,16354
591112580,SayHello,10000,16304
591186557,SayHello,10000,16405
591222876,SayHello,10000,16429
591310762,SayHello,10000,16336
591352615,SayHello,10000,16429
591369630,SayHello,10000,16325
591421325,SayHello,10000,16342
591424278,SayHello,10000,16398
591436975,SayHello,10000,16229
591597789,SayHello,10000,16217
591665874,SayHello,10000,16386
591677123,SayHello,10000,16432
591679731,SayHello,10000,16298
591818374,SayHello,10000,16343
591881991,SayHello,10000,16336
591979506,SayHello,10000,16547
591989183,SayHello,10000,16240
592275119,SayHello,10000,16397
592324171,SayHello,10000,16497
592375462,SayHello,10000,16389
592526335,SayHello,10000,16348
592566806,SayHello,10000,16420
592951659,SayHello,10000,16386
593023339,SayHello,10000,16465
593057266,SayHello,10000,16333
593093800,SayHello,10000,16227
593114295,SayHello,10000,16393
593191652,SayHello,10000,16384
593394984,SayHello,10000,16427
593510972,SayHello,10000,16389
593515619,SayHello,10000,16357
593533334,SayHello,10000,16215
593615496,SayHello,10000,16320
593645154,SayHello,10000,16337
593714345,SayHello,10000,16311
593787220,SayHello,10000,16251
593798877,SayHello,10000,16338
593890456,SayHello,10000,16269
594135853,SayHello,10000,16440
594140964,SayHello,10000,16312
594149306,SayHello,10000,16358
594202920,SayHello,10000,16345
594260523,SayHello,10000,16317
594383817,SayHello,10000,16453
594441866,SayHello,10000,16358
594522150,SayHello,10000,16364
594836027,SayHello,10000,16217
594887815,SayHello,10000,16419
594950944,SayHello,10000,16360
595056449,SayHello,10000,16364
595130487,SayHello,10000,16245
595156627,SayHello,10000,16356
595164925,SayHello,10000,16283
595178411,SayHello,10000,16399
595218938,SayHello,10000,16348
595219645,SayHello,10000,16315
595223321,SayHello,10000,16359
595239746,SayHello,10000,16326
595247559,SayHello,10000,16429
595325150,SayHello,10000,16396
595338276,SayHello,10000,16394
595649651,SayHello,10000,16351
595705786,SayHello,10000,16203
595755186,SayHello,10000,16363
595888308,SayHello,10000,16344
596060483,SayHello,10000,16355
596124031,SayHello,10000,16568
596172318,SayHello,10000,16388
596401776,SayHello,10000,16328
596404795,SayHello,10000,16365
596459030,SayHello,10000,16265
596466259,SayHello,10000,16217
596538300,SayHello,10000,16393
596539556,SayHello,10000,16247
596560082,SayHello,10000,16360
596611584,SayHello,10000,16395
596953012,SayHello,10000,16577
597074324,SayHello,10000,16373
597099778,SayHello,10000,16718
597272099,SayHello,10000,16198
597356026,SayHello,10000,16357
597442669,SayHello,10000,16676
597486488,SayHello,10000,16406
597486958,SayHello,10000,16379
597522071,SayHello,10000,16395
597524675,SayHello,10000,16222
597650186,SayHello,10000,16355
597934662,SayHello,10000,16305
597937087,SayHello,10000,16335
598015032,SayHello,10000,16633
598094470,SayHello,10000,16358
598151563,SayHello,10000,16666
598336068,SayHello,10000,16367
598357961,SayHello,10000,16367
598581432,SayHello,10000,16390
598762781,SayHello,10000,16399
598811691,SayHello,10000,16380
599004256,SayHello,10000,16397
599021582,SayHello,10000,16365
599185782,SayHello,10000,16419
599209168,SayHello,10000,16344
599231077,SayHello,10000,16676
599252544,SayHello,10000,16393
599286373,SayHello,10000,16593
599328265,SayHello,10000,16545
599589837,SayHello,10000,16221
599662520,SayHello,10000,16334
599776677,SayHello,10000,16340
599887414,SayHello,10000,16413
599889691,SayHello,10000,16370
599936737,SayHello,10000,16331
599952154,SayHello,10000,16315
600043649,SayHello,10000,16373
600393991,SayHello,10000,16590
600465304,SayHello,10000,16381
600485890,SayHello,10000,16284
600538236,SayHello,10000,16375
600544393,SayHello,10000,16400
600559752,SayHello,10000,16361
600743560,SayHello,10000,16415
600783238,SayHello,10000,16421
600835097,SayHello,10000,16367
600953700,SayHello,10000,16401
601040552,SayHello,10000,16440
601101084,SayHello,10000,16512
601128051,SayHello,10000,16368
601217470,SayHello,10000,16431
601221687,SayHello,10000,16225
601625973,SayHello,10000,16350
601714254,SayHello,10000,16316
601781470,SayHello,10000,16199
601849748,SayHello,10000,16359
601888871,SayHello,10000,16337
601899096,SayHello,10000,16335
602260774,SayHello,10000,16414
602333515,SayHello,10000,16395
602411483,SayHello,10000,16366
602415395,SayHello,10000,16394
602445103,SayHello,10000,16366
602993451,SayHello,10000,16332
603016013,SayHello,10000,16351
603086046,SayHello,10000,16388
603140735,SayHello,10000,16226
603347300,SayHello,10000,16374
603360449,SayHello,10000,16447
603462083,SayHello,10000,16399
603625492,SayHello,10000,16363
603746842,SayHello,10000,16429
603896839,SayHello,10000,16334
603897201,SayHello,10000,16801
603931917,SayHello,10000,16367
604043151,SayHello,10000,16333
604056167,SayHello,10000,16356
604166783,SayHello,10000,16380
604189398,SayHello,10000,16210
604304499,SayHello,10000,16342
604468414,SayHello,10000,16433
604496051,SayHello,10000,16210
604553683,SayHello,10000,16410
604559535,SayHello,10000,16368
604784154,SayHello,10000,16503
604847188,SayHello,10000,16252
604872161,SayHello,10000,16423
604909188,SayHello,10000,16367
605013756,SayHello,10000,16387
605094532,SayHello,10000,16594
605244442,SayHello,10000,16340
605270668,SayHello,10000,16351
605460998,SayHello,10000,16441
605506525,SayHello,10000,16336
605549370,SayHello,10000,16203
605559178,SayHello,10000,16381
605576152,SayHello,10000,16357
605818795,SayHello,10000,16389
605951600,SayHello,10000,16367
605977914,SayHello,10000,16416
606040988,SayHello,10000,16212
606137532,SayHello,10000,16406
606218770,SayHello,10000,16223
606283876,SayHello,10000,16341
606424078,SayHello,10000,16196
606428987,SayHello,10000,16352
606487700,SayHello,10000,16328
606553674,SayHello,10000,16294
606575302,SayHello,10000,16366
606831868,SayHello,10000,16346
606925544,SayHello,10000,16323
607061447,SayHello,10000,16437
607188786,SayHello,10000,16333
607209304,SayHello,10000,16229
607224070,SayHello,10000,16383
607231446,SayHello,10000,16339
607283588,SayHello,10000,16321
607299902,SayHello,10000,16362
607399454,SayHello,10000,16284
607436344,SayHello,10000,16379
607487467,SayHello,10000,16396
607523581,SayHello,10000,16394
607638191,SayHello,10000,16200
607644027,SayHello,10000,16300
607729663,SayHello,10000,16330
607871516,SayHello,10000,16467
607932609,SayHello,10000,16315
608026591,SayHello,10000,16387
608083951,SayHello,10000,16353
608422229,SayHello,10000,16204
608591716,SayHello,10000,16307
608657122,SayHello,10000,16366
608794371,SayHello,10000,16439
608884776,SayHello,10000,16347
608907351,SayHello,10000,16219
608998156,SayHello,10000,16348
609059091,SayHello,10000,16354
609062920,SayHello,10000,16405
609082761,SayHello,10000,16225
609448411,SayHello,10000,16356
609518943,SayHello,10000,16278
610009006,SayHello,10000,16393
610170597,SayHello,10000,16211
610190855,SayHello,10000,16395
610261466,SayHello,10000,16327
610365055,SayHello,10000,16358
610538538,SayHello,10000,16354
610571236,SayHello,10000,16369
610686760,SayHello,10000,16337
610794262,SayHello,10000,16252
610865232,SayHello,10000,16327
611037870,SayHello,10000,16241
611094227,SayHello,10000,16214
611229939,SayHello,10000,16262
611240570,SayHello,10000,16353
611293863,SayHello,10000,16365
611318092,SayHello,10000,16330
611359032,SayHello,10000,16347
611500186,SayHello,10000,16353
611576652,SayHello,10000,16332
611610637,SayHello,10000,16371
611613268,SayHello,10000,16523
611782239,SayHello,10000,16355
611857540,SayHello,10000,16431
611904882,SayHello,10000,16334
611916564,SayHello,10000,16368
612009983,SayHello,10000,16309
612097807,SayHello,10000,16395
612116749,SayHello,10000,16210
612153055,SayHello,10000,16343
612190968,SayHello,10000,16390
612197690,SayHello,10000,16363
612285128,SayHello,10000,16205
612312606,SayHello,10000,16200
612337592,SayHello,10000,16404
612523908,SayHello,10000,16355
612787933,SayHello,10000,16330
612799503,SayHello,10000,16362
612863703,SayHello,10000,16370
612976498,SayHello,10000,16576
613049490,SayHello,10000,16357
613115381,SayHello,10000,16399
613215639,SayHello,10000,16488
613228895,SayHello,10000,16397
613297044,SayHello,10000,16407
613373242,SayHello,10000,16398
613664448,SayHello,10000,16394
613684774,SayHello,10000,16442
613734552,SayHello,10000,16224
613849459,SayHello,10000,16421
614058557,SayHello,10000,16362
614139331,SayHello,10000,16212
614241569,SayHello,10000,16234
614264233,SayHello,10000,16330
614537436,SayHello,10000,16384
614565339,SayHello,10000,16344
614565377,SayHello,10000,16432
614588369,SayHello,10000,16332
614704927,SayHello,10000,16437
614718776,SayHello,10000,16326
614877653,SayHello,10000,16359
614921175,SayHello,10000,16281
615039283,SayHello,10000,16326
615088491,SayHello,10000,16363
615211069,SayHello,10000,16359
615269957,SayHello,10000,16391
615331102,SayHello,10000,16245
615332680,SayHello,10000,16392
615420124,SayHello,10000,16437
615422058,SayHello,10000,16208
615455647,SayHello,10000,16570
615462301,SayHello,10000,16432
615520807,SayHello,10000,16326
615613683,SayHello,10000,16355
615705957,SayHello,10000,16430
615824600,SayHello,10000,16329
615917926,SayHello,10000,16439
615918597,SayHello,10000,16362
615923769,SayHello,10000,16399
615934148,SayHello,10000,16394
615945244,SayHello,10000,16225
615963464,SayHello,10000,16293
616032336,SayHello,10000,16413
616051116,SayHello,10000,16392
616299592,SayHello,10000,16394
616522624,SayHello,10000,16399
616559118,SayHello,10000,16332
616576635,SayHello,10000,16310
616604517,SayHello,10000,16231
616617445,SayHello,10000,16609
616812298,SayHello,10000,16423
616898569,SayHello,10000,16423
616953446,SayHello,10000,16233
616968871,SayHello,10000,16334
617089811,SayHello,10000,16227
617096527,SayHello,10000,16326
617222083,SayHello,10000,16367
617237359,SayHello,10000,16219
617242784,SayHello,10000,16392
617244109,SayHello,10000,16335
617246705,SayHello,10000,16445
617396527,SayHello,10000,16350
617500925,SayHello,10000,16390
617527386,SayHello,10000,16341
617613469,SayHello,10000,16780
617664675,SayHello,10000,16268
617768488,SayHello,10000,16356
617810782,SayHello,10000,16343
617824170,SayHello,10000,16316
617831431,SayHello,10000,16355
617962099,SayHello,10000,16212
618023861,SayHello,10000,16348
618141375,SayHello,10000,16355
618507336,SayHello,10000,16817
618520343,SayHello,10000,16364
618622313,SayHello,10000,16357
618674178,SayHello,10000,16349
618890755,SayHello,10000,16225
618999022,SayHello,10000,16226
619011022,SayHello,10000,16375
619066280,SayHello,10000,16409
619217060,SayHello,10000,16348
619386210,SayHello,10000,16203
619411579,SayHello,10000,16353
619414120,SayHello,10000,16324
619608207,SayHello,10000,16224
619656685,SayHello,10000,16262
619705354,SayHello,10000,16387
619735042,SayHello,10000,16341
619772909,SayHello,10000,16301
619777448,SayHello,10000,16330
619923764,SayHello,10000,16399
620057676,SayHello,10000,16355
620304468,SayHello,10000,16233
620342929,SayHello,10000,16334
620834095,SayHello,10000,16304
620874612,SayHello,10000,16437
620920605,SayHello,10000,16401
620972173,SayHello,10000,16411
621124584,SayHello,10000,16768
621235206,SayHello,10000,16358
621531044,SayHello,10000,16351
621562085,SayHello,10000,16219
621686902,SayHello,10000,16463
621765411,SayHello,10000,16357
621824712,SayHello,10000,16369
621863986,SayHello,10000,16203
621903185,SayHello,10000,16440
621915795,SayHello,10000,16401
621965283,SayHello,10000,16474
621969661,SayHello,10000,16326
622083000,SayHello,10000,16358
622090092,SayHello,10000,16364
622128967,SayHello,10000,16428
622170234,SayHello,10000,16367
622232691,SayHello,10000,16444
622275881,SayHello,10000,16202
622332175,SayHello,10000,16394
622352664,SayHello,10000,16448
622379878,SayHello,10000,16205
622400416,SayHello,10000,16475
622469512,SayHello,10000,16344
622484050,SayHello,10000,16351
622532769,SayHello,10000,16326
622622246,SayHello,10000,16277
622638533,SayHello,10000,16346
622684144,SayHello,10000,16419
622983927,SayHello,10000,16200
623054530,SayHello,10000,16346
623060549,SayHello,10000,16209
623112183,SayHello,10000,16455
623533201,SayHello,10000,16234
623582028,SayHello,10000,16407
623700048,SayHello,10000,16362
623755000,SayHello,10000,16360
623964245,SayHello,10000,16347
623994490,SayHello,10000,16220
624115065,SayHello,10000,16230
624259329,SayHello,10000,16225
624286140,SayHello,10000,16335
624296990,SayHello,10000,16355
624346907,SayHello,10000,16231
624596505,SayHello,10000,16366
624610512,SayHello,10000,16348
624999066,SayHello,10000,16363
625008335,SayHello,10000,16368
625131008,SayHello,10000,16360
625195299,SayHello,10000,16363
625348697,SayHello,10000,16435
625381618,SayHello,10000,16382
625485439,SayHello,10000,16414
625492675,SayHello,10000,16395
625553658,SayHello,10000,16353
625558770,SayHello,10000,16366
625582021,SayHello,10000,16394
625628155,SayHello,10000,16530
625693846,SayHello,10000,16351
625702688,SayHello,10000,16339
625908721,SayHello,10000,16448
625913954,SayHello,10000,16465
626080121,SayHello,10000,16530
626173530,SayHello,10000,16365
626177389,SayHello,10000,16355
626203007,SayHello,10000,16288
626255413,SayHello,10000,16391
626300949,SayHello,10000,16436
626449869,SayHello,10000,16210
626513883,SayHello,10000,16355
626620730,SayHello,10000,16331
626783219,SayHello,10000,16357
626785577,SayHello,10000,16299
626788611,SayHello,10000,16230
627059759,SayHello,10000,16352
627135384,SayHello,10000,16314
627158506,SayHello,10000,16344
627183892,SayHello,10000,16358
627274527,SayHello,10000,16416
627398757,SayHello,10000,16421
627626456,SayHello,10000,16334
627652389,SayHello,10000,16413
627673779,SayHello,10000,16393
627707007,SayHello,10000,16343
627767413,SayHello,10000,16310
628084404,SayHello,10000,16381
628102167,SayHello,10000,16223
628114045,SayHello,10000,16438
628128502,SayHello,10000,16632
628138953,SayHello,10000,16376
628217674,SayHello,10000,16338
628323245,SayHello,10000,16335
628361250,SayHello,10000,16344
628444154,SayHello,10000,16391
628555734,SayHello,10000,16329
628749430,SayHello,10000,16425
628847750,SayHello,10000,16239
628865122,SayHello,10000,16614
629006931,SayHello,10000,16479
629155935,SayHello,10000,16199
629260202,SayHello,10000,16337
629265703,SayHello,10000,16357
629435312,SayHello,10000,16304
629444369,SayHello,10000,16393
629573008,SayHello,10000,16374
629594758,SayHello,10000,16363
629641091,SayHello,10000,16349
629736149,SayHello,10000,16414
629767027,SayHello,10000,16438
629883053,SayHello,10000,16371
630045073,SayHello,10000,16418
630050508,SayHello,10000,16357
630054478,SayHello,10000,16358
630112273,SayHello,10000,16384
630154385,SayHello,10000,16289
630185363,SayHello,10000,16405
630270636,SayHello,10000,16328
630338608,SayHello,10000,16343
630363406,SayHello,10000,16344
630389913,SayHello,10000,16423
630482080,SayHello,10000,16413
630575553,SayHello,10000,16369
630596053,SayHello,10000,16352
630698007,SayHello,10000,16348
630719453,SayHello,10000,16352
630722777,SayHello,10000,16329
630856377,SayHello,10000,16375
630907300,SayHello,10000,16320
630909901,SayHello,10000,16310
630988594,SayHello,10000,16229
631008080,SayHello,10000,16241
631029620,SayHello,10000,16348
631151286,SayHello,10000,16386
631229670,SayHello,10000,16380
631363359,SayHello,10000,16334
631409736,SayHello,10000,16284
631416140,SayHello,10000,16375
631575082,SayHello,10000,16357
631661779,SayHello,10000,16225
631753765,SayHello,10000,16419
631941840,SayHello,10000,16393
631944588,SayHello,10000,16399
632145772,SayHello,10000,16327
632177613,SayHello,10000,16350
632267765,SayHello,10000,16361
632346003,SayHello,10000,16363
632382110,SayHello,10000,16303
632428443,SayHello,10000,16333
632583004,SayHello,10000,16361
632594625,SayHello,10000,16326
632684450,SayHello,10000,16253
632824199,SayHello,10000,16318
633068784,SayHello,10000,16419
633092592,SayHello,10000,16201
633127886,SayHello,10000,16337
633362325,SayHello,10000,16238
633426549,SayHello,10000,16393
633597278,SayHello,10000,16369
633856867,SayHello,10000,16352
633910620,SayHello,10000,16369
633935879,SayHello,10000,16382
634098058,SayHello,10000,16342
634100557,SayHello,10000,16217
634462434,SayHello,10000,16203
634463037,SayHello,10000,16427
634482961,SayHello,10000,16349
634560285,SayHello,10000,16249
634579968,SayHello,10000,16400
634619754,SayHello,10000,16401
634631195,SayHello,10000,16343
634655900,SayHello,10000,16391
634715345,SayHello,10000,16233
634740703,SayHello,10000,16435
634771125,SayHello,10000,16300
634999350,SayHello,10000,16244
635108306,SayHello,10000,16390
635394063,SayHello,10000,16363
635420609,SayHello,10000,16198
635440050,SayHello,10000,16410
635533012,SayHello,10000,16212
635568655,SayHello,10000,16392
635577693,SayHello,10000,16222
635607803,SayHello,10000,16331
635705144,SayHello,10000,16519
635786091,SayHello,10000,16325
635789957,SayHello,10000,16392
635965074,SayHello,10000,16544
636047424,SayHello,10000,16363
636086668,SayHello,10000,16424
636252171,SayHello,10000,16435
636341088,SayHello,10000,16200
636493797,SayHello,10000,16392
636506186,SayHello,10000,16330
636530312,SayHello,10000,16405
636605887,SayHello,10000,16287
636681917,SayHello,10000,16325
636684213,SayHello,10000,16611
636806520,SayHello,10000,16325
636885713,SayHello,10000,16394
636958790,SayHello,10000,16351
636988170,SayHello,10000,16402
637098637,SayHello,10000,16324
637394503,SayHello,10000,16208
637485007,SayHello,10000,16429
637486451,SayHello,10000,16466
637608695,SayHello,10000,16208
637627440,SayHello,10000,16377
637630855,SayHello,10000,16382
637640618,SayHello,10000,16335
637738991,SayHello,10000,16320
637740400,SayHello,10000,16343
637845114,SayHello,10000,16327
637979712,SayHello,10000,16425
638281502,SayHello,10000,16346
638295156,SayHello,10000,16351
638481998,SayHello,10000,16353
638497013,SayHello,10000,16365
638590034,SayHello,10000,16334
638721617,SayHello,10000,16599
638730606,SayHello,10000,16293
638750503,SayHello,10000,16533
638797496,SayHello,10000,16457
639111174,SayHello,10000,16339
639144002,SayHello,10000,16366
639270292,SayHello,10000,16344
639290691,SayHello,10000,16395
639429456,SayHello,10000,16467
639479145,SayHello,10000,16330
639543974,SayHello,10000,16204
639586611,SayHello,10000,16340
639711359,SayHello,10000,16351
639751994,SayHello,10000,16364
639805753,SayHello,10000,16580
639884220,SayHello,10000,16357
639888775,SayHello,10000,16429
639904288,SayHello,10000,16358
640053264,SayHello,10000,16348
640095847,SayHello,10000,16363
640130543,SayHello,10000,16352
640229631,SayHello,10000,16226
640238461,SayHello,10000,16761
640478917,SayHello,10000,16379
640485521,SayHello,10000,16390
640535880,SayHello,10000,16448
640572600,SayHello,10000,16367
640640997,SayHello,10000,16404
640650259,SayHello,10000,16332
640813761,SayHello,10000,16349
641049095,SayHello,10000,16230
641166068,SayHello,10000,16370
641170214,SayHello,10000,16369
641200529,SayHello,10000,16202
641372743,SayHello,10000,16347
641533352,SayHello,10000,16352
641640707,SayHello,10000,16420
641835224,SayHello,10000,16323
642031652,SayHello,10000,16358
642067566,SayHello,10000,16401
642370432,SayHello,10000,16344
642405928,SayHello,10000,16207
642416172,SayHello,10000,16307
642442693,SayHello,10000,16243
642465200,SayHello,10000,16407
642506762,SayHello,10000,16351
642569765,SayHello,10000,16422
642781562,SayHello,10000,16372
642803933,SayHello,10000,16351
642832022,SayHello,10000,16280
642961205,SayHello,10000,16336
642982838,SayHello,10000,16361
642988578,SayHello,10000,16417
643036387,SayHello,10000,16346
643093280,SayHello,10000,16394
643181044,SayHello,10000,16278
643197152,SayHello,10000,16347
643213783,SayHello,10000,16423
643233996,SayHello,10000,16331
643403817,SayHello,10000,16685
643427912,SayHello,10000,16392
643571970,SayHello,10000,16394
643597512,SayHello,10000,16488
643657470,SayHello,10000,16199
643699541,SayHello,10000,16449
643947382,SayHello,10000,16415
643955493,SayHello,10000,16350
644082236,SayHello,10000,16300
644215990,SayHello,10000,16264
644352275,SayHello,10000,16347
644359585,SayHello,10000,16364
644363744,SayHello,10000,16432
644495070,SayHello,10000,16383
644593908,SayHello,10000,16330
644829368,SayHello,10000,16399
644851991,SayHello,10000,16540
644875036,SayHello,10000,16326
645013137,SayHello,10000,16428
645018032,SayHello,10000,16337
645047343,SayHello,10000,16432
645087268,SayHello,10000,16342
645148649,SayHello,10000,16337
645195915,SayHello,10000,16385
645279976,SayHello,10000,16240
645368471,SayHello,10000,16390
645578185,SayHello,10000,16238
645587198,SayHello,10000,16394
645664632,SayHello,10000,16392
645670269,SayHello,10000,16402
645743547,SayHello,10000,16351
645837570,SayHello,10000,16336
645909651,SayHello,10000,16395
646027728,SayHello,10000,16399
646189133,SayHello,10000,16229
646190573,SayHello,10000,16328
646369599,SayHello,10000,16362
646378035,SayHello,10000,16364
646672974,SayHello,10000,16395
646707580,SayHello,10000,16522
646828555,SayHello,10000,16360
646961252,SayHello,10000,16482
647026608,SayHello,10000,16466
647051641,SayHello,10000,16348
647091747,SayHello,10000,16384
647110310,SayHello,10000,16393
647278848,SayHello,10000,16205
647388617,SayHello,10000,16348
647410446,SayHello,10000,16463
647537260,SayHello,10000,16362
647569994,SayHello,10000,16345
647609056,SayHello,10000,16226
647872905,SayHello,10000,16445
647944163,SayHello,10000,16200
647983401,SayHello,10000,16308
648040018,SayHello,10000,16355
648041081,SayHello,10000,16346
648243570,SayHello,10000,16392
648318750,SayHello,10000,16383
648397865,SayHello,10000,16372
648403537,SayHello,10000,16391
648438926,SayHello,10000,16335
648477236,SayHello,10000,16365
648513830,SayHello,10000,16402
648528833,SayHello,10000,16245
648543990,SayHello,10000,16437
648630678,SayHello,10000,16395
648714390,SayHello,10000,16377
648824614,SayHello,10000,16454
648894510,SayHello,10000,16317
649033891,SayHello,10000,16221
649085314,SayHello,10000,16420
649108711,SayHello,10000,16344
649316995,SayHello,10000,16343
649489005,SayHello,10000,16352
649580662,SayHello,10000,16381
649734668,SayHello,10000,16199
649857770,SayHello,10000,16405
649859170,SayHello,10000,16387
649959809,SayHello,10000,16213
650063515,SayHello,10000,16392
650102012,SayHello,10000,16434
650160136,SayHello,10000,16337
650363330,SayHello,10000,16392
650397992,SayHello,10000,16207
650489738,SayHello,10000,16207
650554798,SayHello,10000,16453
650568685,SayHello,10000,16385
650623449,SayHello,10000,16346
650641099,SayHello,10000,16390
650666488,SayHello,10000,16365
650758568,SayHello,10000,16370
650869294,SayHello,10000,16363
650955621,SayHello,10000,16412
651149264,SayHello,10000,16395
651334544,SayHello,10000,16217
651545780,SayHello,10000,16234
651664957,SayHello,10000,16338
651674963,SayHello,10000,16370
651751721,SayHello,10000,16395
651793482,SayHello,10000,16384
652084333,SayHello,10000,16345
652233010,SayHello,10000,16363
652324994,SayHello,10000,16358
652384256,SayHello,10000,16360
652438832,SayHello,10000,16219
652472442,SayHello,10000,16203
652483846,SayHello,10000,16355
652497221,SayHello,10000,16356
652588692,SayHello,10000,16428
652634783,SayHello,10000,16427
652793332,SayHello,10000,16210
652796964,SayHello,10000,16393
652840151,SayHello,10000,16228
652969115,SayHello,10000,16561
653045706,SayHello,10000,16419
653078211,SayHello,10000,16345
653414594,SayHello,10000,16394
653445977,SayHello,10000,16368
653593389,SayHello,10000,16359
653714372,SayHello,10000,16232
653816437,SayHello,10000,16389
653868828,SayHello,10000,16324
653884352,SayHello,10000,16328
653924508,SayHello,10000,16342
653965545,SayHello,10000,16349
653991568,SayHello,10000,16372
654080607,SayHello,10000,16329
654164957,SayHello,10000,16424
654207510,SayHello,10000,16429
654323132,SayHello,10000,16385
654324365,SayHello,10000,16382
654471913,SayHello,10000,16451
654474729,SayHello,10000,16290
654482235,SayHello,10000,16306
654681152,SayHello,10000,16453
654686239,SayHello,10000,16228
654717604,SayHello,10000,16426
654719740,SayHello,10000,16205
654741492,SayHello,10000,16336
654797936,SayHello,10000,16344
654812499,SayHello,10000,16364
654826087,SayHello,10000,16366
654861658,SayHello,10000,16620
654910908,SayHello,10000,16227
655039599,SayHello,10000,16558
655098430,SayHello,10000,16682
655179664,SayHello,10000,16393
655258252,SayHello,10000,16224
655423293,SayHello,10000,16357
655456093,SayHello,10000,16366
655640675,SayHello,10000,16350
655654244,SayHello,10000,16390
655690542,SayHello,10000,16398
655832758,SayHello,10000,16364
655834350,SayHello,10000,16238
655979082,SayHello,10000,16298
656093770,SayHello,10000,16434
656290718,SayHello,10000,16344
656412719,SayHello,10000,16416
656453785,SayHello,10000,16343
656526728,SayHello,10000,16339
656556507,SayHello,10000,16363
656577979,SayHello,10000,16364
656713519,SayHello,10000,16383
656729975,SayHello,10000,16346
656835943,SayHello,10000,16345
657044506,SayHello,10000,16197
657113034,SayHello,10000,16230
657128123,SayHello,10000,16335
657138408,SayHello,10000,16398
657225967,SayHello,10000,16336
657341329,SayHello,10000,16201
657506079,SayHello,10000,16366
657529677,SayHello,10000,16533
657651023,SayHello,10000,16405
657753245,SayHello,10000,16357
657783953,SayHello,10000,16353
657960362,SayHello,10000,16349
658090525,SayHello,10000,16478
658096072,SayHello,10000,16391
658107074,SayHello,10000,16639
658108378,SayHello,10000,16380
658146358,SayHello,10000,16346
658206595,SayHello,10000,16350
658390377,SayHello,10000,16225
658470488,SayHello,10000,16332
658569533,SayHello,10000,16346
658599543,SayHello,10000,16399
658642595,SayHello,10000,16366
658753791,SayHello,10000,16582
658851069,SayHello,10000,16227
658883570,SayHello,10000,16215
659131148,SayHello,10000,16235
659160555,SayHello,10000,16480
659183393,SayHello,10000,16351
659303394,SayHello,10000,16429
659532408,SayHello,10000,16367
659539489,SayHello,10000,16356
659553715,SayHello,10000,16293
659741408,SayHello,10000,16428
659744272,SayHello,10000,16784
660046882,SayHello,10000,16337
660066554,SayHello,10000,16200
660184047,SayHello,10000,16323
660310474,SayHello,10000,16215
660316963,SayHello,10000,16420
660322827,SayHello,10000,16392
660377042,SayHello,10000,16394
660448970,SayHello,10000,16391
660552369,SayHello,10000,16389
660611277,SayHello,10000,16405
661003366,SayHello,10000,16388
661019007,SayHello,10000,16321
661030751,SayHello,10000,16421
661111591,SayHello,10000,16351
661114133,SayHello,10000,16349
661141497,SayHello,10000,16359
661144804,SayHello,10000,16377
661157160,SayHello,10000,16204
661252104,SayHello,10000,16251
661369435,SayHello,10000,16356
661395509,SayHello,10000,16361
661461338,SayHello,10000,16364
661559439,SayHello,10000,16220
661565084,SayHello,10000,16439
661589781,SayHello,10000,16353
661677553,SayHello,10000,16368
661735817,SayHello,10000,16211
661741330,SayHello,10000,16217
661959205,SayHello,10000,16357
662003756,SayHello,10000,16215
662004989,SayHello,10000,16417
662262739,SayHello,10000,16403
662266103,SayHello,10000,16340
662338078,SayHello,10000,16225
662374226,SayHello,10000,16245
662410132,SayHello,10000,16399
662458806,SayHello,10000,16323
662517576,SayHello,10000,16359
662522817,SayHello,10000,16200
662529174,SayHello,10000,16204
662590687,SayHello,10000,16436
662623317,SayHello,10000,16196
662736249,SayHello,10000,16414
662901223,SayHello,10000,16364
662921951,SayHello,10000,16312
663015502,SayHello,10000,16249
663053927,SayHello,10000,16393
663064365,SayHello,10000,16394
663211902,SayHello,10000,16375
663435043,SayHello,10000,16335
663478076,SayHello,10000,16333
663494678,SayHello,10000,16334
663630210,SayHello,10000,16411
663903588,SayHello,10000,16228
663999325,SayHello,10000,16221
664060684,SayHello,10000,16344
664136024,SayHello,10000,16331
664146732,SayHello,10000,16346
664182171,SayHello,10000,16393
664412671,SayHello,10000,16245
664682944,SayHello,10000,16228
664703163,SayHello,10000,16211
664729471,SayHello,10000,16417
664872239,SayHello,10000,16368
664961169,SayHello,10000,16359
664988794,SayHello,10000,16338
664994663,SayHello,10000,16420
665025792,SayHello,10000,16395
665048829,SayHello,10000,16414
665082995,SayHello,10000,16321
665211659,SayHello,10000,16300
665321907,SayHello,10000,16358
665333284,SayHello,10000,16357
665573659,SayHello,10000,16332
665616073,SayHello,10000,16359
665649776,SayHello,10000,16335
665687685,SayHello,10000,16301
665866300,SayHello,10000,16380
666072773,SayHello,10000,16341
666154767,SayHello,10000,16401
666184710,SayHello,10000,16433
666200429,SayHello,10000,16415
666218591,SayHello,10000,16282
666304877,SayHello,10000,16406
666382307,SayHello,10000,16369
666472921,SayHello,10000,16394
666604464,SayHello,10000,16373
666640671,SayHello,10000,16590
666671923,SayHello,10000,16324
666682939,SayHello,10000,16343
666751753,SayHello,10000,16337
666800268,SayHello,10000,16198
666808266,SayHello,10000,16365
666886897,SayHello,10000,16339
667023036,SayHello,10000,16364
667091215,SayHello,10000,16397
667385015,SayHello,10000,16447
667406277,SayHello,10000,16355
667549812,SayHello,10000,16225
667614514,SayHello,10000,16423
667653966,SayHello,10000,16283
667720826,SayHello,10000,16354
667745378,SayHello,10000,16325
667872509,SayHello,10000,16336
667910952,SayHello,10000,16202
667920671,SayHello,10000,16355
667953271,SayHello,10000,16210
668041734,SayHello,10000,16328
668099400,SayHello,10000,16200
668304689,SayHello,10000,16367
668325029,SayHello,10000,16477
668381600,SayHello,10000,16356
668408834,SayHello,10000,16348
668464787,SayHello,10000,16280
668669497,SayHello,10000,16368
668737480,SayHello,10000,16207
668792552,SayHello,10000,16296
668843273,SayHello,10000,16455
668862932,SayHello,10000,16385
669061415,SayHello,10000,16393
669076392,SayHello,10000,16337
669220584,SayHello,10000,16364
669248185,SayHello,10000,16251
669249497,SayHello,10000,16258
669310910,SayHello,10000,16226
669392811,SayHello,10000,16393
669598256,SayHello,10000,16223
669726273,SayHello,10000,16389
669921276,SayHello,10000,16211
669926255,SayHello,10000,16397
670006612,SayHello,10000,16345
670049950,SayHello,10000,16340
670074510,SayHello,10000,16391
670263201,SayHello,10000,16388
670270523,SayHello,10000,16349
670406392,SayHello,10000,16421
670412518,SayHello,10000,16392
670492363,SayHello,10000,16377
670508821,SayHello,10000,16224
670702713,SayHello,10000,16382
670770353,SayHello,10000,16458
670803245,SayHello,10000,16428
670805113,SayHello,10000,16291
670896540,SayHello,10000,16331
670969368,SayHello,10000,16688
671088814,SayHello,10000,16333
671093123,SayHello,10000,16365
671276711,SayHello,10000,16232
671444889,SayHello,10000,16423
671503130,SayHello,10000,16345
671524714,SayHello,10000,16365
671536517,SayHello,10000,16356
671577197,SayHello,10000,16321
671632157,SayHello,10000,16374
671661085,SayHello,10000,16229
671841869,SayHello,10000,16343
671844234,SayHello,10000,16420
671856544,SayHello,10000,16225
671973096,SayHello,10000,16346
672239995,SayHello,10000,16344
672359245,SayHello,10000,16337
672369208,SayHello,10000,16361
672419397,SayHello,10000,16414
672478649,SayHello,10000,16341
672585835,SayHello,10000,16351
672677650,SayHello,10000,16373
672701545,SayHello,10000,16400
672890316,SayHello,10000,16417
672911774,SayHello,10000,16223
673156063,SayHello,10000,16360
673276680,SayHello,10000,16418
673404797,SayHello,10000,16233
673420068,SayHello,10000,16324
673495620,SayHello,10000,16200
673557054,SayHello,10000,16383
673581955,SayHello,10000,16348
673593336,SayHello,10000,16299
673621197,SayHello,10000,16396
673629966,SayHello,10000,16408
673774903,SayHello,10000,16362
673793452,SayHello,10000,16302
673837072,SayHello,10000,16371
673869850,SayHello,10000,16344
673892969,SayHello,10000,16385
674180833,SayHello,10000,16349
674309925,SayHello,10000,16352
674322225,SayHello,10000,16393
674324810,SayHello,10000,16205
674353993,SayHello,10000,16337
674431084,SayHello,10000,16356
674567331,SayHello,10000,16386
674673431,SayHello,10000,16752
674709906,SayHello,10000,16233
674747880,SayHello,10000,16351
674770288,SayHello,10000,16334
675044841,SayHello,10000,16383
675056570,SayHello,10000,16393
675146342,SayHello,10000,16340
675320161,SayHello,10000,16364
675590791,SayHello,10000,16425
675648778,SayHello,10000,16335
675785695,SayHello,10000,16425
675991530,SayHello,10000,16363
676212953,SayHello,10000,16394
676579623,SayHello,10000,16203
676674420,SayHello,10000,16400
676688587,SayHello,10000,16251
676724570,SayHello,10000,16452
676777897,SayHello,10000,16395
676984630,SayHello,10000,16213
677032034,SayHello,10000,16200
677060570,SayHello,10000,16430
677065086,SayHello,10000,16368
677125576,SayHello,10000,16359
677125961,SayHello,10000,16290
677165327,SayHello,10000,16351
677242161,SayHello,10000,16196
677246971,SayHello,10000,16547
677351304,SayHello,10000,16680
677587256,SayHello,10000,16330
677630832,SayHello,10000,16386
677651310,SayHello,10000,16363
677661879,SayHello,10000,16424
677765997,SayHello,10000,16204
677802587,SayHello,10000,16397
677808526,SayHello,10000,16217
677817880,SayHello,10000,16350
678062570,SayHello,10000,16315
678108970,SayHello,10000,16345
678188615,SayHello,10000,16363
678239471,SayHello,10000,16345
678318342,SayHello,10000,16400
678547466,SayHello,10000,16309
678581519,SayHello,10000,16396
679030180,SayHello,10000,16327
679120557,SayHello,10000,16358
679218108,SayHello,10000,16380
679345640,SayHello,10000,16241
679454716,SayHello,10000,16209
679467670,SayHello,10000,16306
679495194,SayHello,10000,16455
679663056,SayHello,10000,16557
679806170,SayHello,10000,16399
679911987,SayHello,10000,16290
680244659,SayHello,10000,16390
680350891,SayHello,10000,16195
680351339,SayHello,10000,16385
680503159,SayHello,10000,16323
680513299,SayHello,10000,16352
680614434,SayHello,10000,16346
680681042,SayHello,10000,16397
680887738,SayHello,10000,16430
680973721,SayHello,10000,16359
681044676,SayHello,10000,16342
681076215,SayHello,10000,16391
681100568,SayHello,10000,16558
681172313,SayHello,10000,16351
681250433,SayHello,10000,16388
681260969,SayHello,10000,16359
681275836,SayHello,10000,16393
681327334,SayHello,10000,16437
681330300,SayHello,10000,16358
681676133,SayHello,10000,16230
681683540,SayHello,10000,16229
681708937,SayHello,10000,16227
681770622,SayHello,10000,16332
681795288,SayHello,10000,16349
681815757,SayHello,10000,16344
681848454,SayHello,10000,16361
682043751,SayHello,10000,16387
682047096,SayHello,10000,16199
682560980,SayHello,10000,16393
682608675,SayHello,10000,16230
682622581,SayHello,10000,16398
682780705,SayHello,10000,16217
682808338,SayHello,10000,16433
682856521,SayHello,10000,16240
682898962,SayHello,10000,16427
683020180,SayHello,10000,16332
683043000,SayHello,10000,16333
683187308,SayHello,10000,16335
683340450,SayHello,10000,16361
683359904,SayHello,10000,16332
683534136,SayHello,10000,16329
683715647,SayHello,10000,16362
684011412,SayHello,10000,16267
684060225,SayHello,10000,16363
684136851,SayHello,10000,16357
684138221,SayHello,10000,16340
684230957,SayHello,10000,16352
684307317,SayHello,10000,16435
684347827,SayHello,10000,16246
684390767,SayHello,10000,16393
684418238,SayHello,10000,16325
684440179,SayHello,10000,16329
684500109,SayHello,10000,16389
684519720,SayHello,10000,16332
684631593,SayHello,10000,16221
684722974,SayHello,10000,16229
684762372,SayHello,10000,16286
684855821,SayHello,10000,16319
684863836,SayHello,10000,16325
685174695,SayHello,10000,16364
685506583,SayHello,10000,16417
685683785,SayHello,10000,16281
685836439,SayHello,10000,16267
685881204,SayHello,10000,16393
685967729,SayHello,10000,16426
685978562,SayHello,10000,16367
686026214,SayHello,10000,16358
686098483,SayHello,10000,16528
686151452,SayHello,10000,16390
686170321,SayHello,10000,16349
686224527,SayHello,10000,16441
686369049,SayHello,10000,16216
686424197,SayHello,10000,16354
686657673,SayHello,10000,16338
686688473,SayHello,10000,16620
686731949,SayHello,10000,16362
686793328,SayHello,10000,16389
686834361,SayHello,10000,16271
686886463,SayHello,10000,16222
686892346,SayHello,10000,16299
686938056,SayHello,10000,16316
686946256,SayHello,10000,16397
687030378,SayHello,10000,16395
687045749,SayHello,10000,16221
687056845,SayHello,10000,16365
687359032,SayHello,10000,16405
687375805,SayHello,10000,16383
687512956,SayHello,10000,16340
687580301,SayHello,10000,16404
687743263,SayHello,10000,16196
687784537,SayHello,10000,16704
687799147,SayHello,10000,16363
687846856,SayHello,10000,16371
687849352,SayHello,10000,16390
687918729,SayHello,10000,16419
687993621,SayHello,10000,16419
688121025,SayHello,10000,16365
688130006,SayHello,10000,16334
688197897,SayHello,10000,16396
688418247,SayHello,10000,16388
688513698,SayHello,10000,16354
688522471,SayHello,10000,16819
688633273,SayHello,10000,16211
688638495,SayHello,10000,16211
688812000,SayHello,10000,16371
688864612,SayHello,10000,16267
688904409,SayHello,10000,16393
688922571,SayHello,10000,16419
688934067,SayHello,10000,16371
688963275,SayHello,10000,16396
689111957,SayHello,10000,16305
689115945,SayHello,10000,16393
689187674,SayHello,10000,16423
689298815,SayHello,10000,16423
689366554,SayHello,10000,16208
689460968,SayHello,10000,16415
689483844,SayHello,10000,16234
689500371,SayHello,10000,16361
689569308,SayHello,10000,16341
689804087,SayHello,10000,16533
689821464,SayHello,10000,16328
690018287,SayHello,10000,16396
690029616,SayHello,10000,16335
690165909,SayHello,10000,16387
690296442,SayHello,10000,16459
690370216,SayHello,10000,16216
690418867,SayHello,10000,16321
690558651,SayHello,10000,16538
690618809,SayHello,10000,16401
690752475,SayHello,10000,16230
690953584,SayHello,10000,16395
691003495,SayHello,10000,16421
691003676,SayHello,10000,16388
691233642,SayHello,10000,16392
691367362,SayHello,10000,16383
691371558,SayHello,10000,16578
691643674,SayHello,10000,16392
691965958,SayHello,10000,16418
691980218,SayHello,10000,16244
692066209,SayHello,10000,16423
692089885,SayHello,10000,16345
692114623,SayHello,10000,16379
692154124,SayHello,10000,16382
692270046,SayHello,10000,16404
692295230,SayHello,10000,16452
692344435,SayHello,10000,16356
692658582,SayHello,10000,16368
692695444,SayHello,10000,16329
692712066,SayHello,10000,16342
692746470,SayHello,10000,16386
692890208,SayHello,10000,16419
692911284,SayHello,10000,16761
692989904,SayHello,10000,16358
693064109,SayHello,10000,16420
693067101,SayHello,10000,16401
693110368,SayHello,10000,16421
693155624,SayHello,10000,16536
693203244,SayHello,10000,16308
693323487,SayHello,10000,16228
693395016,SayHello,10000,16366
693560404,SayHello,10000,16383
693605815,SayHello,10000,16420
693617299,SayHello,10000,16337
693631694,SayHello,10000,16380
693737504,SayHello,10000,16352
693740519,SayHello,10000,16369
693761786,SayHello,10000,16462
693837876,SayHello,10000,16344
693883755,SayHello,10000,16355
694055382,SayHello,10000,16414
694116889,SayHello,10000,16363
694168546,SayHello,10000,16399
694210569,SayHello,10000,16266
694351925,SayHello,10000,16332
694587437,SayHello,10000,16338
694700922,SayHello,10000,16413
694705009,SayHello,10000,16341
694739138,SayHello,10000,16346
694869489,SayHello,10000,16364
694890379,SayHello,10000,16307
694954146,SayHello,10000,16228
694968333,SayHello,10000,16325
695213190,SayHello,10000,16336
695496959,SayHello,10000,16383
695526397,SayHello,10000,16456
695585678,SayHello,10000,16330
695588253,SayHello,10000,16422
695593485,SayHello,10000,16393
695676036,SayHello,10000,16466
695821036,SayHello,10000,16242
695824534,SayHello,10000,16395
695862408,SayHello,10000,16395
695929742,SayHello,10000,16395
695995661,SayHello,10000,16393
696044192,SayHello,10000,16330
696068489,SayHello,10000,16347
696126982,SayHello,10000,16381
696317165,SayHello,10000,16361
696318215,SayHello,10000,16225
696429840,SayHello,10000,16342
696562751,SayHello,10000,16527
696635599,SayHello,10000,16430
696739544,SayHello,10000,16229
696985309,SayHello,10000,16404
697278768,SayHello,10000,16352
697517789,SayHello,10000,16399
697571159,SayHello,10000,16363
697676068,SayHello,10000,16312
697700005,SayHello,10000,16325
697777929,SayHello,10000,16350
697807349,SayHello,10000,16469
697808009,SayHello,10000,16227
697813254,SayHello,10000,16351
698154883,SayHello,10000,16389
698156729,SayHello,10000,16412
698157038,SayHello,10000,16328
698158506,SayHello,10000,16391
698390654,SayHello,10000,16409
698390796,SayHello,10000,16387
698396540,SayHello,10000,16421
698526276,SayHello,10000,16371
698531352,SayHello,10000,16553
698880151,SayHello,10000,16340
698948352,SayHello,10000,16411
699231344,SayHello,10000,16224
699246960,SayHello,10000,16410
699346406,SayHello,10000,16434
699410354,SayHello,10000,16344
699423085,SayHello,10000,16334
699465380,SayHello,10000,16209
699505202,SayHello,10000,16363
699587742,SayHello,10000,16363
699626587,SayHello,10000,16417
699729501,SayHello,10000,16408
699980115,SayHello,10000,16347
700055761,SayHello,10000,16233
700203879,SayHello,10000,16401
700312355,SayHello,10000,16428
700313953,SayHello,10000,16357
700389287,SayHello,10000,16354
700600417,SayHello,10000,16430
700643196,SayHello,10000,16334
700718417,SayHello,10000,16413
700735262,SayHello,10000,16386
700768128,SayHello,10000,16349
700830160,SayHello,10000,16325
701127344,SayHello,10000,16403
701185125,SayHello,10000,16195
701207636,SayHello,10000,16367
701262376,SayHello,10000,16339
701425194,SayHello,10000,16429
701431055,SayHello,10000,16420
701698512,SayHello,10000,16303
701743726,SayHello,10000,16368
701867072,SayHello,10000,16402
702073510,SayHello,10000,16400
702186238,SayHello,10000,16418
702188139,SayHello,10000,16219
702190953,SayHello,10000,16348
702212480,SayHello,10000,16305
702216995,SayHello,10000,16330
702319313,SayHello,10000,16324
702427284,SayHello,10000,16356
702479948,SayHello,10000,16317
702484703,SayHello,10000,16369
702681837,SayHello,10000,16350
702840840,SayHello,10000,16204
702920524,SayHello,10000,16461
702987201,SayHello,10000,16383
703012699,SayHello,10000,16403
703065146,SayHello,10000,16232
703069440,SayHello,10000,16301
703089747,SayHello,10000,16391
703091635,SayHello,10000,16335
703111775,SayHello,10000,16326
703123706,SayHello,10000,16401
703127853,SayHello,10000,16391
703169063,SayHello,10000,16802
703187083,SayHello,10000,16399
703243627,SayHello,10000,16399
703416798,SayHello,10000,16355
703434058,SayHello,10000,16202
703518438,SayHello,10000,16202
703548150,SayHello,10000,16403
703904846,SayHello,10000,16570
703913289,SayHello,10000,16423
704059404,SayHello,10000,16197
704099621,SayHello,10000,16371
704106977,SayHello,10000,16340
704163054,SayHello,10000,16197
704282005,SayHello,10000,16393
704290514,SayHello,10000,16523
704358584,SayHello,10000,16489
704377387,SayHello,10000,16392
704394849,SayHello,10000,16387
704490086,SayHello,10000,16392
704564069,SayHello,10000,16428
704650032,SayHello,10000,16360
704680956,SayHello,10000,16388
704782907,SayHello,10000,16332
704824183,SayHello,10000,16342
704852570,SayHello,10000,16412
704854679,SayHello,10000,16221
705325824,SayHello,10000,16345
705412141,SayHello,10000,16236
705514860,SayHello,10000,16346
705687198,SayHello,10000,16403
705834303,SayHello,10000,16219
705866169,SayHello,10000,16429
705901962,SayHello,10000,16360
706228462,SayHello,10000,16394
706367426,SayHello,10000,16370
706417421,SayHello,10000,16230
706443702,SayHello,10000,16207
706458871,SayHello,10000,16401
706512609,SayHello,10000,16356
706512982,SayHello,10000,16394
706558597,SayHello,10000,16632
706627112,SayHello,10000,16390
706753082,SayHello,10000,16392
706883320,SayHello,10000,16199
707110225,SayHello,10000,16201
707167365,SayHello,10000,16357
707257568,SayHello,10000,16366
707295997,SayHello,10000,16308
707551703,SayHello,10000,16389
707662236,SayHello,10000,16660
707662432,SayHello,10000,16652
707670312,SayHello,10000,16290
707818517,SayHello,10000,16344
707867992,SayHello,10000,16368
707870240,SayHello,10000,16210
707895268,SayHello,10000,16396
708077928,SayHello,10000,16211
708085486,SayHello,10000,16435
708158160,SayHello,10000,16200
708247815,SayHello,10000,16505
708309613,SayHello,10000,16402
708332179,SayHello,10000,16208
708349682,SayHello,10000,16368
708485742,SayHello,10000,16351
708552224,SayHello,10000,16380
708619468,SayHello,10000,16392
708626024,SayHello,10000,16364
708789904,SayHello,10000,16719
708844303,SayHello,10000,16359
708889797,SayHello,10000,16287
708960224,SayHello,10000,16204
709146751,SayHello,10000,16386
709148575,SayHello,10000,16355
709189423,SayHello,10000,16204
709421684,SayHello,10000,16332
709438302,SayHello,10000,16296
709512647,SayHello,10000,16356
709544098,SayHello,10000,16281
709655121,SayHello,10000,16383
709666708,SayHello,10000,16355
709713227,SayHello,10000,16420
709941027,SayHello,10000,16331
709946921,SayHello,10000,16390
710099424,SayHello,10000,16234
710139111,SayHello,10000,16210
710384716,SayHello,10000,16354
710388023,SayHello,10000,16259
710418754,SayHello,10000,16238
710501520,SayHello,10000,16392
710568885,SayHello,10000,16352
710618642,SayHello,10000,16367
710702622,SayHello,10000,16356
710795091,SayHello,10000,16200
710822896,SayHello,10000,16210
710868160,SayHello,10000,16852
710953039,SayHello,10000,16390
710999072,SayHello,10000,16466
711122159,SayHello,10000,16404
711122373,SayHello,10000,16273
711135364,SayHello,10000,16295
711510405,SayHello,10000,16379
711579903,SayHello,10000,16512
711636458,SayHello,10000,16226
711770313,SayHello,10000,16349
711775412,SayHello,10000,16467
712094418,SayHello,10000,16347
712100203,SayHello,10000,16333
712170919,SayHello,10000,16391
712246785,SayHello,10000,16211
712339129,SayHello,10000,16348
712387586,SayHello,10000,16198
712559842,SayHello,10000,16318
712560020,SayHello,10000,16375
712621728,SayHello,10000,16357
712633541,SayHello,10000,16371
712728021,SayHello,10000,16314
712826390,SayHello,10000,16392
712859682,SayHello,10000,16394
713010453,SayHello,10000,16272
713090434,SayHello,10000,16202
713119378,SayHello,10000,16202
713120619,SayHello,10000,16346
713151332,SayHello,10000,16352
713200141,SayHello,10000,16255
713279960,SayHello,10000,16282
713521394,SayHello,10000,16374
713783175,SayHello,10000,16359
713908366,SayHello,10000,16393
713916143,SayHello,10000,16382
713936309,SayHello,10000,16227
714012348,SayHello,10000,16346
714078375,SayHello,10000,16369
714190753,SayHello,10000,16213
714326776,SayHello,10000,16356
714573137,SayHello,10000,16363
714582296,SayHello,10000,16214
714717160,SayHello,10000,16382
714800950,SayHello,10000,16351
714897073,SayHello,10000,16448
714948360,SayHello,10000,16241
714975440,SayHello,10000,16389
715257042,SayHello,10000,16337
715262222,SayHello,10000,16245
715282712,SayHello,10000,16403
715333263,SayHello,10000,16389
715408850,SayHello,10000,16341
715506940,SayHello,10000,16330
715586011,SayHello,10000,16225
715619390,SayHello,10000,16355
715624570,SayHello,10000,16264
715625673,SayHello,10000,16373
715815109,SayHello,10000,16270
715853747,SayHello,10000,16344
715944547,SayHello,10000,16354
715958501,SayHello,10000,16418
716065552,SayHello,10000,16447
716087687,SayHello,10000,16310
716131210,SayHello,10000,16197
716172332,SayHello,10000,16395
716295175,SayHello,10000,16666
716300772,SayHello,10000,16399
716361928,SayHello,10000,16235
716454712,SayHello,10000,16407
716469167,SayHello,10000,16423
716569259,SayHello,10000,16406
716580383,SayHello,10000,16457
716604276,SayHello,10000,16375
716721004,SayHello,10000,16373
716739966,SayHello,10000,16392
716906613,SayHello,10000,16448
716921948,SayHello,10000,16348
716963406,SayHello,10000,16303
717123630,SayHello,10000,16367
717165427,SayHello,10000,16400
717196483,SayHello,10000,16338
717211459,SayHello,10000,16414
717293559,SayHello,10000,16374
717461022,SayHello,10000,16410
717484986,SayHello,10000,16335
717577820,SayHello,10000,16577
717636467,SayHello,10000,16406
717757121,SayHello,10000,16209
717814957,SayHello,10000,16602
718323662,SayHello,10000,16204
718338099,SayHello,10000,16249
718410902,SayHello,10000,16330
718424829,SayHello,10000,16315
718469282,SayHello,10000,16242
718593984,SayHello,10000,16349
718642002,SayHello,10000,16787
718646489,SayHello,10000,16224
718652036,SayHello,10000,16325
718833751,SayHello,10000,16224
718848736,SayHello,10000,16343
718918843,SayHello,10000,16361
719091691,SayHello,10000,16336
719095180,SayHello,10000,16338
719181830,SayHello,10000,16367
719374734,SayHello,10000,16304
719416440,SayHello,10000,16401
719454290,SayHello,10000,16251
719695576,SayHello,10000,16230
720075491,SayHello,10000,16357
720156982,SayHello,10000,16349
720188920,SayHello,10000,16335
720264488,SayHello,10000,16228
720299604,SayHello,10000,16395
720344127,SayHello,10000,16244
720417409,SayHello,10000,16302
720452709,SayHello,10000,16363
720589051,SayHello,10000,16229
720901324,SayHello,10000,16242
720967183,SayHello,10000,16199
721065720,SayHello,10000,16363
721202754,SayHello,10000,16358
721284051,SayHello,10000,16294
721294959,SayHello,10000,16447
721698968,SayHello,10000,16393
721707623,SayHello,10000,16268
721888703,SayHello,10000,16328
722078479,SayHello,10000,16348
722165143,SayHello,10000,16326
722233682,SayHello,10000,16413
722241762,SayHello,10000,16212
722282638,SayHello,10000,16201
722335228,SayHello,10000,16392
722750809,SayHello,10000,16242
723000060,SayHello,10000,16365
723043475,SayHello,10000,16369
723043495,SayHello,10000,16426
723087649,SayHello,10000,16344
723124934,SayHello,10000,16393
723224873,SayHello,10000,16357
723233009,SayHello,10000,16423
723274439,SayHello,10000,16267
723304749,SayHello,10000,16329
723643379,SayHello,10000,16419
723723909,SayHello,10000,16363
723763723,SayHello,10000,16247
723790080,SayHello,10000,16355
723891003,SayHello,10000,16226
723903191,SayHello,10000,16329
724017958,SayHello,10000,16362
724019236,SayHello,10000,16364
724123055,SayHello,10000,16379
724138177,SayHello,10000,16443
724228917,SayHello,10000,16396
724317578,SayHello,10000,16369
724359407,SayHello,10000,16337
724592778,SayHello,10000,16231
724801585,SayHello,10000,16397
724902599,SayHello,10000,16359
724995242,SayHello,10000,16429
725045811,SayHello,10000,16393
725054982,SayHello,10000,16371
725122280,SayHello,10000,16207
725281252,SayHello,10000,16359
725287637,SayHello,10000,16371
725450715,SayHello,10000,16205
725568243,SayHello,10000,16235
725658850,SayHello,10000,16416
725820768,SayHello,10000,16368
725860388,SayHello,10000,16396
725890175,SayHello,10000,16334
725906320,SayHello,10000,16429
726123315,SayHello,10000,16412
726147748,SayHello,10000,16296
726387256,SayHello,10000,16412
726481611,SayHello,10000,16326
726525666,SayHello,10000,16328
726560186,SayHello,10000,16364
726677014,SayHello,10000,16291
726884431,SayHello,10000,16328
727087091,SayHello,10000,16382
727105345,SayHello,10000,16367
727111263,SayHello,10000,16397
727182528,SayHello,10000,16393
727242823,SayHello,10000,16485
727335840,SayHello,10000,16325
727516861,SayHello,10000,16418
727641022,SayHello,10000,16367
727697582,SayHello,10000,16424
727723996,SayHello,10000,16332
727734960,SayHello,10000,16218
727761497,SayHello,10000,16365
727772237,SayHello,10000,16271
727864939,SayHello,10000,16337
727888784,SayHello,10000,16377
728055235,SayHello,10000,16417
728085462,SayHello,10000,16461
728123371,SayHello,10000,16327
728138819,SayHello,10000,16482
728219032,SayHello,10000,16348
728263255,SayHello,10000,16251
728299676,SayHello,10000,16317
728713253,SayHello,10000,16207
728726195,SayHello,10000,16458
728771295,SayHello,10000,16422
728816903,SayHello,10000,16311
728884276,SayHello,10000,16442
729001978,SayHello,10000,16228
729017940,SayHello,10000,16353
729435003,SayHello,10000,16220
729476468,SayHello,10000,16250
729483171,SayHello,10000,16359
729501968,SayHello,10000,16340
729555724,SayHello,10000,16346
729602785,SayHello,10000,16377
729644046,SayHello,10000,16453
729687556,SayHello,10000,16344
729896272,SayHello,10000,16432
729925001,SayHello,10000,16374
729949996,SayHello,10000,16287
729982476,SayHello,10000,16324
730052905,SayHello,10000,16396
730114040,SayHello,10000,16428
730192795,SayHello,10000,16384
730262376,SayHello,10000,16362
730321620,SayHello,10000,16330
730352895,SayHello,10000,16349
730387009,SayHello,10000,16437
730408797,SayHello,10000,16391
730468440,SayHello,10000,16242
730494789,SayHello,10000,16396
730553188,SayHello,10000,16336
730564396,SayHello,10000,16400
730697504,SayHello,10000,16353
730838220,SayHello,10000,16471
730873471,SayHello,10000,16210
730993044,SayHello,10000,16211
731017554,SayHello,10000,16344
731111728,SayHello,10000,16247
731265295,SayHello,10000,16420
731320963,SayHello,10000,16447
731442646,SayHello,10000,16393
731443924,SayHello,10000,16578
731622705,SayHello,10000,16339
731630140,SayHello,10000,16324
731672692,SayHello,10000,16405
731697875,SayHello,10000,16260
731706679,SayHello,10000,16401
731843358,SayHello,10000,16474
731876346,SayHello,10000,16203
731975582,SayHello,10000,16391
731991675,SayHello,10000,16298
732092194,SayHello,10000,16342
732173286,SayHello,10000,16745
732175027,SayHello,10000,16385
732333446,SayHello,10000,16333
732415973,SayHello,10000,16311
732461569,SayHello,10000,16316
732465924,SayHello,10000,16355
732476353,SayHello,10000,16381
732594480,SayHello,10000,16424
732666415,SayHello,10000,16300
732668083,SayHello,10000,16582
732830706,SayHello,10000,16428
733074160,SayHello,10000,16347
733149114,SayHello,10000,16394
733250328,SayHello,10000,16237
733278439,SayHello,10000,16323
733383745,SayHello,10000,16411
733491167,SayHello,10000,16354
733530829,SayHello,10000,16371
733800702,SayHello,10000,16323
733880006,SayHello,10000,16382
733886664,SayHello,10000,16422
734226963,SayHello,10000,16209
734254843,SayHello,10000,16335
734271656,SayHello,10000,16445
734358783,SayHello,10000,16461
734772568,SayHello,10000,16471
734859129,SayHello,10000,16345
734882367,SayHello,10000,16200
734957758,SayHello,10000,16458
735102167,SayHello,10000,16491
735170764,SayHello,10000,16440
735198326,SayHello,10000,16496
735201546,SayHello,10000,16351
735205271,SayHello,10000,16356
735239993,SayHello,10000,16387
735296662,SayHello,10000,16408
735357591,SayHello,10000,16384
735545257,SayHello,10000,16304
735634806,SayHello,10000,16350
735763066,SayHello,10000,16326
735773926,SayHello,10000,16427
735872807,SayHello,10000,16347
735884301,SayHello,10000,16652
736022419,SayHello,10000,16422
736049055,SayHello,10000,16366
736252256,SayHello,10000,16393
736265556,SayHello,10000,16335
736372440,SayHello,10000,16210
736500329,SayHello,10000,16306
736519578,SayHello,10000,16438
736533321,SayHello,10000,16353
736596351,SayHello,10000,16363
736626277,SayHello,10000,16449
736686278,SayHello,10000,16917
736695275,SayHello,10000,16425
736801014,SayHello,10000,16368
736916939,SayHello,10000,16347
736956199,SayHello,10000,16247
736956436,SayHello,10000,16390
736971933,SayHello,10000,16241
737118474,SayHello,10000,16333
737135663,SayHello,10000,16388
737189644,SayHello,10000,16377
737511659,SayHello,10000,16356
737535804,SayHello,10000,16364
737598419,SayHello,10000,16203
737641908,SayHello,10000,16456
737677180,SayHello,10000,16380
737685104,SayHello,10000,16349
737770282,SayHello,10000,16226
737925198,SayHello,10000,16259
738094482,SayHello,10000,16325
738207624,SayHello,10000,16404
738290559,SayHello,10000,16391
738305352,SayHello,10000,16230
738356428,SayHello,10000,16420
738387025,SayHello,10000,16256
738489416,SayHello,10000,16377
738511189,SayHello,10000,16396
738559938,SayHello,10000,16222
738595285,SayHello,10000,16223
738661560,SayHello,10000,16242
738671103,SayHello,10000,16327
738751912,SayHello,10000,16387
738825859,SayHello,10000,16351
738959323,SayHello,10000,16394
739126725,SayHello,10000,16398
739190850,SayHello,10000,16430
739198967,SayHello,10000,16240
739297196,SayHello,10000,16257
739520753,SayHello,10000,16418
739574014,SayHello,10000,16339
739606802,SayHello,10000,16435
739631444,SayHello,10000,16230
740171650,SayHello,10000,16348
740259299,SayHello,10000,16333
740375710,SayHello,10000,16415
740446160,SayHello,10000,16375
740648873,SayHello,10000,16435
740740425,SayHello,10000,16427
740758862,SayHello,10000,16338
740968928,SayHello,10000,16346
740997521,SayHello,10000,16397
741025052,SayHello,10000,16431
741412153,SayHello,10000,16391
741584286,SayHello,10000,16393
741605354,SayHello,10000,16420
741615021,SayHello,10000,16387
741616070,SayHello,10000,16429
741829912,SayHello,10000,16369
741973926,SayHello,10000,16393
742079723,SayHello,10000,16672
742105721,SayHello,10000,16389
742203081,SayHello,10000,16562
742316574,SayHello,10000,16388
742354561,SayHello,10000,16380
742369467,SayHello,10000,16325
742454705,SayHello,10000,16444
742544592,SayHello,10000,16430
742596175,SayHello,10000,16366
742716007,SayHello,10000,16203
743029999,SayHello,10000,16375
743097037,SayHello,10000,16235
743173413,SayHello,10000,16388
743188163,SayHello,10000,16357
743271764,SayHello,10000,16407
743333992,SayHello,10000,16363
743352273,SayHello,10000,16345
743527380,SayHello,10000,16309
743604494,SayHello,10000,16343
743604692,SayHello,10000,16400
743833832,SayHello,10000,16249
743850629,SayHello,10000,16297
743850791,SayHello,10000,16200
743890682,SayHello,10000,16338
743921424,SayHello,10000,16242
743977358,SayHello,10000,16350
744019722,SayHello,10000,16261
744098969,SayHello,10000,16221
744104889,SayHello,10000,16425
744122679,SayHello,10000,16395
744138412,SayHello,10000,16343
744216839,SayHello,10000,16366
744237157,SayHello,10000,16328
744335956,SayHello,10000,16321
744400528,SayHello,10000,16591
744497886,SayHello,10000,16370
744579602,SayHello,10000,16396
744587780,SayHello,10000,16339
744589083,SayHello,10000,16348
744669710,SayHello,10000,16373
744743811,SayHello,10000,16416
744886544,SayHello,10000,16197
744925420,SayHello,10000,16389
744978751,SayHello,10000,16311
744985431,SayHello,10000,16227
745034334,SayHello,10000,16424
745062836,SayHello,10000,16337
745141385,SayHello,10000,16341
745201204,SayHello,10000,16249
745301853,SayHello,10000,16364
745329601,SayHello,10000,16333
745359073,SayHello,10000,16338
745361064,SayHello,10000,16380
745392962,SayHello,10000,16325
745419267,SayHello,10000,16392
745633775,SayHello,10000,16309
745701393,SayHello,10000,16404
745702487,SayHello,10000,16393
745897944,SayHello,10000,16379
745995730,SayHello,10000,16361
746117322,SayHello,10000,16331
746456212,SayHello,10000,16199
746646741,SayHello,10000,16353
746727495,SayHello,10000,16418
746851083,SayHello,10000,16429
746861118,SayHello,10000,16243
746897302,SayHello,10000,16354
746930482,SayHello,10000,16350
746981384,SayHello,10000,16356
747076111,SayHello,10000,16230
747112233,SayHello,10000,16211
747153024,SayHello,10000,16338
747266999,SayHello,10000,16601
747291733,SayHello,10000,16425
747363852,SayHello,10000,16225
747451945,SayHello,10000,16390
747721813,SayHello,10000,16422
747978066,SayHello,10000,16352
748052916,SayHello,10000,16390
748168703,SayHello,10000,16831
748264240,SayHello,10000,16325
748272575,SayHello,10000,16411
748387866,SayHello,10000,16321
748428450,SayHello,10000,16363
748490127,SayHello,10000,16414
748608531,SayHello,10000,16385
748629985,SayHello,10000,16414
748713159,SayHello,10000,16329
748779234,SayHello,10000,16447
748988579,SayHello,10000,16284
749005460,SayHello,10000,16351
749065906,SayHello,10000,16194
749383123,SayHello,10000,16336
749460598,SayHello,10000,16381
749494491,SayHello,10000,16414
749521714,SayHello,10000,16341
749529290,SayHello,10000,16215
749605776,SayHello,10000,16366
749625472,SayHello,10000,16421
749672145,SayHello,10000,16393
749844158,SayHello,10000,16242
749852282,SayHello,10000,16394
749896853,SayHello,10000,16366
749911179,SayHello,10000,16379
749914427,SayHello,10000,16238
749930693,SayHello,10000,16356
750094863,SayHello,10000,16395
750101807,SayHello,10000,16394
750185510,SayHello,10000,16367
750201895,SayHello,10000,16244
750266598,SayHello,10000,16291
750277991,SayHello,10000,16348
750348738,SayHello,10000,16352
750405018,SayHello,10000,16551
750467711,SayHello,10000,16380
750485604,SayHello,10000,16351
750493845,SayHello,10000,16347
750635262,SayHello,10000,16349
750659053,SayHello,10000,16347
750690709,SayHello,10000,16355
750707848,SayHello,10000,16393
750931699,SayHello,10000,16354
751026365,SayHello,10000,16329
751069573,SayHello,10000,16210
751080173,SayHello,10000,16213
751130299,SayHello,10000,16241
751209278,SayHello,10000,16238
751221673,SayHello,10000,16393
751221804,SayHello,10000,16200
751255265,SayHello,10000,16397
751400580,SayHello,10000,16380
751405622,SayHello,10000,16596
751436710,SayHello,10000,16228
751483928,SayHello,10000,16403
751561622,SayHello,10000,16673
751619300,SayHello,10000,16389
751833332,SayHello,10000,16328
751901803,SayHello,10000,16417
751902846,SayHello,10000,16426
752059216,SayHello,10000,16352
752140513,SayHello,10000,16350
752240923,SayHello,10000,16338
752341931,SayHello,10000,16229
752438097,SayHello,10000,16348
752535687,SayHello,10000,16381
752615318,SayHello,10000,16390
752616558,SayHello,10000,16416
752728355,SayHello,10000,16553
752748834,SayHello,10000,16423
752775233,SayHello,10000,16209
752810485,SayHello,10000,16843
753019924,SayHello,10000,16424
753141051,SayHello,10000,16347
753219186,SayHello,10000,16356
753225240,SayHello,10000,16331
753232534,SayHello,10000,16393
753237266,SayHello,10000,16228
753238107,SayHello,10000,16415
753250415,SayHello,10000,16456
753293231,SayHello,10000,16224
753426951,SayHello,10000,16405
753438252,SayHello,10000,16405
753462866,SayHello,10000,16358
753567227,SayHello,10000,16356
753739962,SayHello,10000,16213
753797420,SayHello,10000,16467
753827911,SayHello,10000,16351
753860300,SayHello,10000,16369
753959396,SayHello,10000,16356
754067674,SayHello,10000,16431
754098914,SayHello,10000,16326
754124720,SayHello,10000,16417
754143928,SayHello,10000,16310
754149884,SayHello,10000,16347
754185656,SayHello,10000,16347
754431760,SayHello,10000,16425
754537924,SayHello,10000,16364
754636336,SayHello,10000,16348
754722037,SayHello,10000,16368
754819170,SayHello,10000,16395
754890533,SayHello,10000,16202
754920220,SayHello,10000,16255
754972219,SayHello,10000,16390
755012559,SayHello,10000,16420
755025392,SayHello,10000,16362
755107580,SayHello,10000,16398
755170905,SayHello,10000,16348
755181892,SayHello,10000,16369
755217045,SayHello,10000,16420
755228910,SayHello,10000,16601
755253625,SayHello,10000,16399
755596785,SayHello,10000,16427
755642246,SayHello,10000,16441
755644678,SayHello,10000,16365
755680402,SayHello,10000,16343
755690832,SayHello,10000,16346
756055411,SayHello,10000,16227
756056169,SayHello,10000,16216
756194668,SayHello,10000,16366
756211045,SayHello,10000,16352
756277403,SayHello,10000,16394
756356161,SayHello,10000,16344
756399606,SayHello,10000,16357
756406989,SayHello,10000,16221
756527216,SayHello,10000,16390
756611476,SayHello,10000,16416
756756386,SayHello,10000,16357
756799472,SayHello,10000,16296
756829479,SayHello,10000,16352
756900681,SayHello,10000,16388
756977542,SayHello,10000,16349
756997086,SayHello,10000,16351
757001136,SayHello,10000,16402
757080526,SayHello,10000,16345
757328607,SayHello,10000,16276
757365856,SayHello,10000,16403
757663861,SayHello,10000,16353
757811488,SayHello,10000,16417
758029871,SayHello,10000,16369
758400890,SayHello,10000,16384
758409882,SayHello,10000,16223
758502323,SayHello,10000,16753
758553835,SayHello,10000,16393
758557382,SayHello,10000,16331
758648543,SayHello,10000,16331
758765386,SayHello,10000,16379
758972853,SayHello,10000,16299
758979207,SayHello,10000,16394
759026135,SayHello,10000,16289
759050169,SayHello,10000,16247
759065358,SayHello,10000,16391
759106759,SayHello,10000,16242
759139577,SayHello,10000,16324
759277806,SayHello,10000,16343
759292868,SayHello,10000,16380
759316028,SayHello,10000,16215
759453216,SayHello,10000,16395
759577447,SayHello,10000,16349
759816052,SayHello,10000,16613
759938873,SayHello,10000,16447
759944802,SayHello,10000,16198
759974674,SayHello,10000,16229
760065472,SayHello,10000,16354
760069413,SayHello,10000,16442
760142217,SayHello,10000,16555
760160612,SayHello,10000,16329
760169738,SayHello,10000,16338
760253044,SayHello,10000,16391
760307460,SayHello,10000,16346
760457119,SayHello,10000,16422
760460807,SayHello,10000,16429
760561058,SayHello,10000,16416
760593924,SayHello,10000,16390
760604557,SayHello,10000,16394
760643752,SayHello,10000,16410
760827037,SayHello,10000,16329
760866308,SayHello,10000,16241
760928105,SayHello,10000,16564
761000311,SayHello,10000,16228
761055084,SayHello,10000,16367
761370897,SayHello,10000,16204
761429333,SayHello,10000,16363
761596041,SayHello,10000,16384
761596995,SayHello,10000,16206
761741889,SayHello,10000,16218
761834457,SayHello,10000,16360
761886468,SayHello,10000,16425
762057610,SayHello,10000,16332
762158878,SayHello,10000,16364
762219581,SayHello,10000,16388
762234423,SayHello,10000,16399
762240054,SayHello,10000,16352
762254498,SayHello,10000,16407
762396279,SayHello,10000,16223
762503149,SayHello,10000,16361
762662697,SayHello,10000,16243
763083698,SayHello,10000,16277
763357455,SayHello,10000,16452
763381762,SayHello,10000,16297
763441627,SayHello,10000,16888
763634989,SayHello,10000,16396
763655617,SayHello,10000,16405
763660438,SayHello,10000,16235
764124383,SayHello,10000,16390
764190605,SayHello,10000,16398
764628532,SayHello,10000,16377
764673440,SayHello,10000,16336
764680411,SayHello,10000,16454
764748892,SayHello,10000,16246
764762771,SayHello,10000,16436
764764326,SayHello,10000,16227
765034001,SayHello,10000,16201
765058177,SayHello,10000,16230
765098618,SayHello,10000,16392
765103513,SayHello,10000,16436
765348367,SayHello,10000,16391
765365379,SayHello,10000,16358
765422474,SayHello,10000,16296
765454613,SayHello,10000,16326
765488234,SayHello,10000,16206
765572627,SayHello,10000,16345
765619058,SayHello,10000,16424
765733737,SayHello,10000,16361
765922329,SayHello,10000,16207
765924758,SayHello,10000,16226
766038730,SayHello,10000,16226
766082377,SayHello,10000,16349
766090382,SayHello,10000,16272
766155540,SayHello,10000,16219
766237709,SayHello,10000,16417
766339663,SayHello,10000,16398
766352337,SayHello,10000,16341
766552051,SayHello,10000,16426
766602749,SayHello,10000,16196
766905027,SayHello,10000,16351
766905934,SayHello,10000,16368
766939156,SayHello,10000,16392
766947662,SayHello,10000,16460
766947857,SayHello,10000,16472
767140205,SayHello,10000,16348
767198487,SayHello,10000,16411
767227392,SayHello,10000,16315
767314368,SayHello,10000,16417
767432107,SayHello,10000,16357
767550378,SayHello,10000,16232
767812712,SayHello,10000,16413
767842486,SayHello,10000,16324
767890962,SayHello,10000,16432
768067387,SayHello,10000,16441
768079134,SayHello,10000,16346
768196767,SayHello,10000,16435
768261817,SayHello,10000,16362
768428948,SayHello,10000,16386
768497915,SayHello,10000,16340
768530667,SayHello,10000,16360
768540965,SayHello,10000,16358
768612061,SayHello,10000,16363
768695800,SayHello,10000,16527
768896647,SayHello,10000,16233
768905993,SayHello,10000,16417
768930381,SayHello,10000,16362
768941405,SayHello,10000,16404
769098098,SayHello,10000,16430
769221498,SayHello,10000,16360
769262930,SayHello,10000,16350
769268240,SayHello,10000,16377
769279579,SayHello,10000,16199
769472209,SayHello,10000,16415
769487002,SayHello,10000,16226
769493971,SayHello,10000,16358
769508405,SayHello,10000,16326
769592800,SayHello,10000,16351
769767254,SayHello,10000,16361
769832945,SayHello,10000,16287
770174346,SayHello,10000,16420
770246752,SayHello,10000,16340
770342579,SayHello,10000,16222
770344800,SayHello,10000,16209
770353171,SayHello,10000,16393
770370043,SayHello,10000,16388
770464997,SayHello,10000,16408
770540401,SayHello,10000,16395
770574622,SayHello,10000,16340
770606683,SayHello,10000,16387
770694683,SayHello,10000,16229
770702406,SayHello,10000,16339
770774738,SayHello,10000,16204
771053349,SayHello,10000,16374
771439170,SayHello,10000,16454
771507026,SayHello,10000,16291
771551586,SayHello,10000,16206
771608784,SayHello,10000,16402
771831594,SayHello,10000,16388
772033699,SayHello,10000,16394
772142071,SayHello,10000,16360
772202384,SayHello,10000,16426
772220455,SayHello,10000,16384
772221123,SayHello,10000,16346
772312574,SayHello,10000,16399
772333654,SayHello,10000,16380
772412974,SayHello,10000,16344
772425566,SayHello,10000,16338
772544928,SayHello,10000,16394
772581461,SayHello,10000,16325
772736005,SayHello,10000,16209
772793600,SayHello,10000,16351
772805485,SayHello,10000,16552
773070335,SayHello,10000,16195
773279819,SayHello,10000,16350
773366853,SayHello,10000,16238
773522348,SayHello,10000,16370
773569601,SayHello,10000,16349
773597469,SayHello,10000,16382
773624912,SayHello,10000,16430
773639151,SayHello,10000,16380
773639289,SayHello,10000,16393
773729110,SayHello,10000,16226
773741871,SayHello,10000,16989
773887788,SayHello,10000,16344
773900694,SayHello,10000,16420
773940540,SayHello,10000,16372
774068239,SayHello,10000,16382
774337890,SayHello,10000,16332
774348262,SayHello,10000,16392
774355014,SayHello,10000,16333
774385968,SayHello,10000,16240
774390015,SayHello,10000,16347
774440023,SayHello,10000,16346
774487352,SayHello,10000,16330
774495843,SayHello,10000,16452
774562553,SayHello,10000,16334
774588978,SayHello,10000,16364
774677231,SayHello,10000,16348
774826713,SayHello,10000,16331
774851398,SayHello,10000,16340
774899460,SayHello,10000,16245
774956631,SayHello,10000,16377
774968801,SayHello,10000,16347
775065882,SayHello,10000,16397
775098993,SayHello,10000,16441
775325689,SayHello,10000,16199
775347064,SayHello,10000,16270
775353828,SayHello,10000,16322
775493222,SayHello,10000,16325
775575522,SayHello,10000,16345
775583227,SayHello,10000,16333
775592918,SayHello,10000,16357
775912419,SayHello,10000,16354
776197839,SayHello,10000,16220
776387390,SayHello,10000,16256
776442819,SayHello,10000,16390
776460288,SayHello,10000,16391
776484657,SayHello,10000,16426
776554159,SayHello,10000,16198
776631057,SayHello,10000,16420
776713752,SayHello,10000,16222
776716476,SayHello,10000,16462
776755177,SayHello,10000,16452
776762358,SayHello,10000,16380
777288850,SayHello,10000,16548
777313558,SayHello,10000,16236
777437625,SayHello,10000,16394
777462107,SayHello,10000,16358
777536554,SayHello,10000,16228
777589108,SayHello,10000,16440
777759530,SayHello,10000,16228
777796483,SayHello,10000,16246
777851741,SayHello,10000,16337
777873104,SayHello,10000,16343
778058687,SayHello,10000,16227
778108242,SayHello,10000,16345
778147382,SayHello,10000,16238
778183263,SayHello,10000,16378
778228105,SayHello,10000,16371
778358806,SayHello,10000,16462
778450403,SayHello,10000,16390
778504426,SayHello,10000,16208
778637665,SayHello,10000,16351
778637818,SayHello,10000,16234
778707950,SayHello,10000,16347
778729774,SayHello,10000,16286
778825840,SayHello,10000,16348
778916241,SayHello,10000,16355
778954214,SayHello,10000,16414
778988488,SayHello,10000,16434
778995734,SayHello,10000,16227
779009030,SayHello,10000,16198
779081163,SayHello,10000,16334
779319293,SayHello,10000,16212
779588129,SayHello,10000,16203
779614641,SayHello,10000,16247
779657369,SayHello,10000,16333
779794116,SayHello,10000,16394
779840321,SayHello,10000,16230
779899440,SayHello,10000,16425
780004042,SayHello,10000,16229
780065048,SayHello,10000,16254
780105504,SayHello,10000,16348
780109955,SayHello,10000,16360
780162445,SayHello,10000,16345
780180020,SayHello,10000,16381
780265961,SayHello,10000,16314
780297913,SayHello,10000,16423
780402580,SayHello,10000,16339
780408376,SayHello,10000,16309
780467821,SayHello,10000,16228
780482248,SayHello,10000,16368
780533350,SayHello,10000,16392
780614340,SayHello,10000,16227
780635537,SayHello,10000,16228
780819559,SayHello,10000,16269
780937916,SayHello,10000,16391
781100698,SayHello,10000,16419
781216923,SayHello,10000,16313
781326880,SayHello,10000,16343
781416849,SayHello,10000,16315
781429259,SayHello,10000,16401
781561080,SayHello,10000,16428
781652233,SayHello,10000,16337
781683694,SayHello,10000,16274
781762366,SayHello,10000,16296
781799138,SayHello,10000,16388
781859354,SayHello,10000,16351
781860546,SayHello,10000,16274
781863428,SayHello,10000,16213
781926158,SayHello,10000,16325
781992671,SayHello,10000,16352
782046911,SayHello,10000,16212
782066884,SayHello,10000,16247
782067144,SayHello,10000,16351
782340374,SayHello,10000,16368
782390081,SayHello,10000,16363
782393745,SayHello,10000,16485
782437427,SayHello,10000,16327
782560403,SayHello,10000,16381
782569113,SayHello,10000,16361
782734530,SayHello,10000,16327
782813350,SayHello,10000,16297
782930280,SayHello,10000,16422
783911732,SayHello,10000,16420
783954558,SayHello,10000,16424
783988306,SayHello,10000,16208
784009942,SayHello,10000,16390
784132860,SayHello,10000,16355
784264233,SayHello,10000,16422
784278676,SayHello,10000,16337
784324775,SayHello,10000,16368
784508818,SayHello,10000,16394
784535819,SayHello,10000,16766
784561591,SayHello,10000,16345
784569404,SayHello,10000,16400
784596049,SayHello,10000,16212
784746268,SayHello,10000,16367
784802785,SayHello,10000,16241
784807671,SayHello,10000,16228
784995084,SayHello,10000,16379
785093319,SayHello,10000,16431
785140301,SayHello,10000,16336
785150522,SayHello,10000,16364
785214590,SayHello,10000,16396
785369005,SayHello,10000,16381
785429039,SayHello,10000,16420
785607322,SayHello,10000,16450
785718526,SayHello,10000,16355
785866663,SayHello,10000,16332
785951294,SayHello,10000,16227
785953300,SayHello,10000,16411
785990465,SayHello,10000,16327
786070778,SayHello,10000,16407
786072103,SayHello,10000,16399
786448164,SayHello,10000,16430
786510718,SayHello,10000,16364
786566621,SayHello,10000,16325
786638333,SayHello,10000,16395
787027105,SayHello,10000,16199
787489821,SayHello,10000,16335
787699901,SayHello,10000,16369
787802240,SayHello,10000,16346
787804613,SayHello,10000,16428
787837842,SayHello,10000,16404
787855501,SayHello,10000,16278
787968230,SayHello,10000,16358
788009694,SayHello,10000,16261
788062265,SayHello,10000,16416
788121351,SayHello,10000,16332
788320578,SayHello,10000,16415
788381719,SayHello,10000,16329
788417555,SayHello,10000,16339
788452534,SayHello,10000,16457
788496446,SayHello,10000,16437
788529932,SayHello,10000,16221
788696953,SayHello,10000,16220
788813004,SayHello,10000,16425
788904351,SayHello,10000,16430
788954704,SayHello,10000,16298
788986426,SayHello,10000,16396
789040259,SayHello,10000,16303
789135625,SayHello,10000,16391
789171319,SayHello,10000,16523
789279156,SayHello,10000,16334
789283229,SayHello,10000,16404
789342557,SayHello,10000,16389
789423530,SayHello,10000,16400
789452782,SayHello,10000,16203
789527649,SayHello,10000,16373
789575685,SayHello,10000,16350
789580473,SayHello,10000,16227
789675454,SayHello,10000,16431
789898322,SayHello,10000,16385
789932243,SayHello,10000,16363
789996161,SayHello,10000,16355
790060394,SayHello,10000,16387
790287950,SayHello,10000,16356
790326143,SayHello,10000,16334
790439858,SayHello,10000,16394
790451517,SayHello,10000,16408
790551260,SayHello,10000,16388
790630946,SayHello,10000,16785
790735156,SayHello,10000,16444
790746839,SayHello,10000,16427
790762164,SayHello,10000,16328
790874388,SayHello,10000,16517
791029146,SayHello,10000,16387
791160917,SayHello,10000,16337
791602424,SayHello,10000,16416
791671307,SayHello,10000,16221
791723317,SayHello,10000,16254
791753540,SayHello,10000,16212
791933904,SayHello,10000,16348
792014180,SayHello,10000,16231
792206969,SayHello,10000,16392
792315867,SayHello,10000,16343
792392548,SayHello,10000,16434
792512655,SayHello,10000,16211
792531856,SayHello,10000,16321
792603366,SayHello,10000,16399
792737811,SayHello,10000,16352
792838896,SayHello,10000,16228
792859265,SayHello,10000,16336
792891927,SayHello,10000,16419
793066483,SayHello,10000,16296
793175182,SayHello,10000,16300
793238282,SayHello,10000,16434
793241121,SayHello,10000,16331
793254468,SayHello,10000,16226
793285084,SayHello,10000,16432
793321624,SayHello,10000,16388
793370148,SayHello,10000,16390
793559525,SayHello,10000,16343
793575113,SayHello,10000,16365
793587810,SayHello,10000,16419
793777020,SayHello,10000,16358
793785918,SayHello,10000,16442
793832489,SayHello,10000,16417
793959032,SayHello,10000,16282
794036039,SayHello,10000,16372
794074187,SayHello,10000,16348
794124062,SayHello,10000,16379
794155052,SayHello,10000,16390
794295771,SayHello,10000,16410
794366448,SayHello,10000,16362
794494994,SayHello,10000,16317
794559647,SayHello,10000,16384
794573046,SayHello,10000,16226
794574453,SayHello,10000,16450
794716171,SayHello,10000,16393
794749998,SayHello,10000,16347
794838732,SayHello,10000,16389
794843265,SayHello,10000,16418
794882386,SayHello,10000,16889
794894226,SayHello,10000,16240
795133032,SayHello,10000,16232
795147492,SayHello,10000,16314
795161671,SayHello,10000,16349
795205558,SayHello,10000,16414
795241362,SayHello,10000,16369
795243386,SayHello,10000,16417
795291266,SayHello,10000,16550
795315905,SayHello,10000,16311
795335822,SayHello,10000,16355
795426602,SayHello,10000,16336
795589951,SayHello,10000,16395
795835500,SayHello,10000,16420
795881594,SayHello,10000,16329
796138746,SayHello,10000,16420
796142789,SayHello,10000,16356
796274967,SayHello,10000,16392
796442146,SayHello,10000,16347
796522953,SayHello,10000,16243
796619741,SayHello,10000,16369
796994415,SayHello,10000,16343
797035258,SayHello,10000,16345
797166993,SayHello,10000,16223
797171156,SayHello,10000,16354
797237185,SayHello,10000,16353
797409024,SayHello,10000,16203
797430520,SayHello,10000,16397
797580797,SayHello,10000,16240
797747238,SayHello,10000,16448
797765652,SayHello,10000,16400
797799757,SayHello,10000,16341
798047549,SayHello,10000,16394
798154668,SayHello,10000,16374
798197613,SayHello,10000,16277
798208608,SayHello,10000,16369
798300941,SayHello,10000,16354
798478871,SayHello,10000,16335
798480092,SayHello,10000,16201
798483446,SayHello,10000,16389
798571912,SayHello,10000,16364
798612418,SayHello,10000,16337
798748142,SayHello,10000,16373
798837850,SayHello,10000,16415
798890194,SayHello,10000,16346
799001011,SayHello,10000,16201
799134939,SayHello,10000,16354
799215954,SayHello,10000,16437
799218038,SayHello,10000,16322
799237818,SayHello,10000,16334
799258524,SayHello,10000,16351
799312866,SayHello,10000,16357
799324693,SayHello,10000,16338
799424687,SayHello,10000,16208
799592915,SayHello,10000,16357
799616695,SayHello,10000,16362
799662872,SayHello,10000,16430
799726605,SayHello,10000,16416
799949102,SayHello,10000,16444
800063505,SayHello,10000,16297
800089307,SayHello,10000,16413
800116908,SayHello,10000,16349
800122792,SayHello,10000,16383
800136617,SayHello,10000,16402
800142239,SayHello,10000,16375
800283208,SayHello,10000,16352
800371786,SayHello,10000,16241
800390153,SayHello,10000,16360
800524350,SayHello,10000,16396
800576033,SayHello,10000,16347
800892344,SayHello,10000,16585
800949698,SayHello,10000,16366
801018176,SayHello,10000,16823
801213822,SayHello,10000,16206
801418339,SayHello,10000,16396
801445624,SayHello,10000,16228
801451019,SayHello,10000,16341
801456748,SayHello,10000,16435
801484109,SayHello,10000,16345
801632961,SayHello,10000,16209
801657476,SayHello,10000,16205
801659008,SayHello,10000,16310
801708113,SayHello,10000,16198
801821843,SayHello,10000,16471
801860663,SayHello,10000,16354
801891871,SayHello,10000,16396
801928267,SayHello,10000,16394
801990387,SayHello,10000,16383
801999309,SayHello,10000,16362
802096597,SayHello,10000,16361
802149865,SayHello,10000,16337
802388419,SayHello,10000,16360
802530416,SayHello,10000,16356
802810326,SayHello,10000,16206
802923710,SayHello,10000,16356
802942670,SayHello,10000,16477
802959521,SayHello,10000,16316
802977411,SayHello,10000,16354
803028583,SayHello,10000,16241
803057054,SayHello,10000,16355
803153769,SayHello,10000,16364
803218896,SayHello,10000,16345
803251863,SayHello,10000,16315
803264764,SayHello,10000,16227
803392158,SayHello,10000,16339
803447683,SayHello,10000,16234
803519678,SayHello,10000,16213
803563891,SayHello,10000,16393
803717562,SayHello,10000,16308
803781790,SayHello,10000,16406
803872957,SayHello,10000,16453
803880808,SayHello,10000,16377
803943599,SayHello,10000,16241
804081612,SayHello,10000,16805
804297018,SayHello,10000,16351
804398478,SayHello,10000,16350
804401396,SayHello,10000,16331
804405235,SayHello,10000,16445
804412467,SayHello,10000,16366
804437105,SayHello,10000,16393
805043811,SayHello,10000,16337
805067652,SayHello,10000,16389
805165498,SayHello,10000,16420
805217496,SayHello,10000,16424
805247148,SayHello,10000,16344
805475692,SayHello,10000,16445
805532986,SayHello,10000,16435
805591112,SayHello,10000,16249
805801562,SayHello,10000,16393
805896327,SayHello,10000,16395
806072995,SayHello,10000,16576
806092193,SayHello,10000,16233
806173067,SayHello,10000,16337
806185373,SayHello,10000,16198
806256538,SayHello,10000,16479
806321959,SayHello,10000,16257
806433470,SayHello,10000,16331
806935471,SayHello,10000,16350
807025662,SayHello,10000,16587
807040833,SayHello,10000,16333
807110616,SayHello,10000,16440
807271688,SayHello,10000,16369
807459690,SayHello,10000,16396
807494945,SayHello,10000,16390
807542489,SayHello,10000,16347
807615291,SayHello,10000,16402
807792024,SayHello,10000,16388
807838334,SayHello,10000,16365
807861644,SayHello,10000,16389
807863976,SayHello,10000,16221
808132251,SayHello,10000,16348
808177692,SayHello,10000,16331
808268005,SayHello,10000,16357
808286313,SayHello,10000,16277
808341998,SayHello,10000,16376
808427191,SayHello,10000,16366
808558931,SayHello,10000,16232
808633332,SayHello,10000,16358
808657719,SayHello,10000,16391
808663177,SayHello,10000,16248
808847602,SayHello,10000,16229
808870919,SayHello,10000,16434
808967322,SayHello,10000,16202
808988373,SayHello,10000,16450
808994290,SayHello,10000,16367
809064834,SayHello,10000,16443
809230214,SayHello,10000,16390
809470096,SayHello,10000,16395
809484913,SayHello,10000,16349
809605988,SayHello,10000,16355
809663386,SayHello,10000,16260
809731691,SayHello,10000,16351
809800783,SayHello,10000,16406
809968037,SayHello,10000,16212
809990784,SayHello,10000,16385
809994389,SayHello,10000,16213
810011403,SayHello,10000,16349
810060783,SayHello,10000,16344
810080279,SayHello,10000,16331
810096447,SayHello,10000,16387
810229750,SayHello,10000,16335
810255659,SayHello,10000,16361
810385360,SayHello,10000,16353
810506244,SayHello,10000,16429
810552969,SayHello,10000,16422
810883611,SayHello,10000,16744
810886320,SayHello,10000,16378
811008999,SayHello,10000,16354
811334188,SayHello,10000,16450
811407633,SayHello,10000,16437
811668314,SayHello,10000,16411
811692218,SayHello,10000,16345
811760238,SayHello,10000,16466
811820664,SayHello,10000,16307
811842287,SayHello,10000,16356
811957629,SayHello,10000,16366
812074522,SayHello,10000,16431
812104555,SayHello,10000,16354
812290383,SayHello,10000,16337
812343771,SayHello,10000,16211
812528383,SayHello,10000,16402
812608903,SayHello,10000,16423
812623396,SayHello,10000,16353
812647581,SayHello,10000,16452
812671436,SayHello,10000,16372
812722969,SayHello,10000,16237
812831746,SayHello,10000,16743
812949217,SayHello,10000,16336
813004576,SayHello,10000,16398
813121230,SayHello,10000,16311
813231036,SayHello,10000,16370
813262480,SayHello,10000,16347
813492757,SayHello,10000,16231
813736872,SayHello,10000,16231
813763053,SayHello,10000,16365
813763808,SayHello,10000,16367
813902973,SayHello,10000,16298
814075962,SayHello,10000,16339
814175812,SayHello,10000,16403
814257742,SayHello,10000,16334
814409666,SayHello,10000,16419
814451568,SayHello,10000,16329
814506719,SayHello,10000,16319
814562092,SayHello,10000,16333
814598255,SayHello,10000,16415
814649209,SayHello,10000,16399
814813152,SayHello,10000,16292
814865118,SayHello,10000,16372
814929156,SayHello,10000,16229
814930852,SayHello,10000,16352
814962718,SayHello,10000,16458
815079974,SayHello,10000,16381
815112725,SayHello,10000,16466
815196657,SayHello,10000,16336
815220891,SayHello,10000,16220
815357002,SayHello,10000,16391
815392095,SayHello,10000,16423
815450558,SayHello,10000,16252
815482179,SayHello,10000,16383
815523709,SayHello,10000,16359
815638930,SayHello,10000,16363
815643547,SayHello,10000,16362
815709282,SayHello,10000,16230
815727489,SayHello,10000,16201
815766939,SayHello,10000,16367
815796759,SayHello,10000,16398
815806559,SayHello,10000,16273
815936976,SayHello,10000,16201
815944634,SayHello,10000,16343
816101398,SayHello,10000,16357
816121010,SayHello,10000,16216
816131784,SayHello,10000,16350
816198332,SayHello,10000,16347
816355674,SayHello,10000,16393
816369210,SayHello,10000,16205
816370219,SayHello,10000,16258
816432471,SayHello,10000,16316
816533872,SayHello,10000,16357
816621197,SayHello,10000,16395
816634301,SayHello,10000,16344
816657259,SayHello,10000,16330
816660418,SayHello,10000,16236
816681509,SayHello,10000,16363
816848089,SayHello,10000,16430
816875223,SayHello,10000,16390
816987171,SayHello,10000,16318
817020968,SayHello,10000,16577
817032743,SayHello,10000,16421
817155144,SayHello,10000,16393
817171757,SayHello,10000,16302
817233661,SayHello,10000,16442
817350644,SayHello,10000,16339
817397725,SayHello,10000,16332
817408766,SayHello,10000,16423
817418361,SayHello,10000,16371
817419655,SayHello,10000,16344
817467504,SayHello,10000,16361
817490274,SayHello,10000,16364
817513276,SayHello,10000,16226
817616223,SayHello,10000,16335
817670659,SayHello,10000,16389
817808441,SayHello,10000,16371
818045108,SayHello,10000,16230
818292664,SayHello,10000,16344
818317248,SayHello,10000,16382
818373376,SayHello,10000,16354
818394410,SayHello,10000,16759
818438203,SayHello,10000,16417
818492542,SayHello,10000,16209
818554622,SayHello,10000,16433
818599396,SayHello,10000,16395
818620902,SayHello,10000,16358
818713152,SayHello,10000,16726
818778515,SayHello,10000,16357
818811846,SayHello,10000,16347
818830084,SayHello,10000,16197
818856103,SayHello,10000,16323
818890664,SayHello,10000,16291
818893652,SayHello,10000,16538
818914326,SayHello,10000,16423
818973976,SayHello,10000,16427
819073999,SayHello,10000,16361
819123338,SayHello,10000,16201
819168757,SayHello,10000,16274
819168907,SayHello,10000,16416
819194055,SayHello,10000,16395
819237798,SayHello,10000,16345
819240335,SayHello,10000,16408
819329798,SayHello,10000,16450
819346683,SayHello,10000,16329
819423356,SayHello,10000,16375
819470979,SayHello,10000,16351
819590828,SayHello,10000,16206
819826789,SayHello,10000,16373
820067660,SayHello,10000,16362
820095767,SayHello,10000,16373
820127222,SayHello,10000,16456
820163164,SayHello,10000,16326
820213266,SayHello,10000,16399
820259363,SayHello,10000,16568
820421036,SayHello,10000,16325
820441356,SayHello,10000,16402
820518445,SayHello,10000,16292
820589641,SayHello,10000,16232
820665679,SayHello,10000,16421
820706912,SayHello,10000,16379
820811798,SayHello,10000,16337
820937779,SayHello,10000,16352
821121003,SayHello,10000,16407
821165137,SayHello,10000,16200
821587556,SayHello,10000,16332
821653302,SayHello,10000,16362
821653728,SayHello,10000,16377
821703335,SayHello,10000,16350
821832042,SayHello,10000,16207
821944941,SayHello,10000,16403
822040595,SayHello,10000,16386
822047623,SayHello,10000,16207
822208713,SayHello,10000,16444
822219551,SayHello,10000,16337
822226593,SayHello,10000,16395
822251895,SayHello,10000,16364
822294174,SayHello,10000,16209
822422101,SayHello,10000,16196
822428768,SayHello,10000,16333
822586195,SayHello,10000,16204
822627185,SayHello,10000,16324
822890755,SayHello,10000,16354
822922932,SayHello,10000,16293
822938160,SayHello,10000,16395
823039901,SayHello,10000,16475
823067706,SayHello,10000,16323
823147425,SayHello,10000,16409
823223627,SayHello,10000,16352
823304485,SayHello,10000,16328
823465938,SayHello,10000,16344
823791968,SayHello,10000,16337
823911549,SayHello,10000,16382
824005055,SayHello,10000,16201
824169420,SayHello,10000,16334
824267978,SayHello,10000,16414
824305420,SayHello,10000,16212
824626785,SayHello,10000,16348
824691417,SayHello,10000,16276
824808746,SayHello,10000,16396
824818928,SayHello,10000,16384
825038604,SayHello,10000,16389
825349211,SayHello,10000,16426
825704050,SayHello,10000,16358
825737225,SayHello,10000,16336
825867062,SayHello,10000,16466
825910696,SayHello,10000,16429
825915979,SayHello,10000,16501
825941752,SayHello,10000,16341
825946979,SayHello,10000,16422
826023282,SayHello,10000,16569
826044699,SayHello,10000,16302
826062405,SayHello,10000,16285
826108809,SayHello,10000,16351
826166978,SayHello,10000,16460
826230076,SayHello,10000,16345
826230250,SayHello,10000,16433
826240015,SayHello,10000,16336
826243777,SayHello,10000,16344
826251350,SayHello,10000,16205
826326690,SayHello,10000,16285
826403023,SayHello,10000,16368
826403252,SayHello,10000,16404
826450136,SayHello,10000,16397
826504013,SayHello,10000,16695
826561885,SayHello,10000,16340
826612878,SayHello,10000,16392
826614833,SayHello,10000,16218
826624966,SayHello,10000,16352
826723643,SayHello,10000,16392
826819169,SayHello,10000,16336
826828848,SayHello,10000,16370
826865450,SayHello,10000,16307
826968029,SayHello,10000,16411
826971261,SayHello,10000,16329
827118843,SayHello,10000,16342
827129350,SayHello,10000,16367
827203195,SayHello,10000,16472
827434609,SayHello,10000,16202
827487029,SayHello,10000,16389
827531024,SayHello,10000,16369
827547673,SayHello,10000,16299
827586698,SayHello,10000,16637
827633492,SayHello,10000,16376
827669915,SayHello,10000,16224
827819176,SayHello,10000,16336
827944997,SayHello,10000,16403
828013046,SayHello,10000,16223
828051143,SayHello,10000,16281
828113992,SayHello,10000,16337
828131994,SayHello,10000,16329
828138214,SayHello,10000,16355
828227206,SayHello,10000,16364
828240301,SayHello,10000,16331
828310273,SayHello,10000,16435
828354481,SayHello,10000,16216
828418352,SayHello,10000,16412
828437970,SayHello,10000,16460
828559015,SayHello,10000,16355
828590896,SayHello,10000,16361
828701968,SayHello,10000,16212
828737853,SayHello,10000,16356
829012352,SayHello,10000,16392
829042487,SayHello,10000,16225
829086291,SayHello,10000,16349
829110238,SayHello,10000,16406
829247212,SayHello,10000,16356
829269133,SayHello,10000,16395
829304023,SayHello,10000,16346
829311759,SayHello,10000,16402
829419336,SayHello,10000,16329
829432549,SayHello,10000,16213
829435486,SayHello,10000,16342
829457786,SayHello,10000,16374
829465675,SayHello,10000,16248
829494605,SayHello,10000,16388
829512114,SayHello,10000,16205
829576864,SayHello,10000,16212
829698876,SayHello,10000,16333
829713943,SayHello,10000,16380
829989934,SayHello,10000,16346
830004816,SayHello,10000,16387
830128910,SayHello,10000,16242
830243278,SayHello,10000,16346
830259305,SayHello,10000,16392
830283654,SayHello,10000,16435
830305479,SayHello,10000,16382
830399185,SayHello,10000,16811
830443384,SayHello,10000,16300
830499783,SayHello,10000,16228
830524706,SayHello,10000,16425
830527651,SayHello,10000,16425
830529198,SayHello,10000,16283
830724003,SayHello,10000,16395
830875794,SayHello,10000,16347
830986018,SayHello,10000,16927
831001856,SayHello,10000,16336
831026810,SayHello,10000,16204
831203452,SayHello,10000,16428
831210969,SayHello,10000,16353
831245091,SayHello,10000,16361
831364704,SayHello,10000,16346
831369352,SayHello,10000,16346
831417101,SayHello,10000,16428
831432738,SayHello,10000,16277
831441670,SayHello,10000,16392
831693089,SayHello,10000,16435
831825895,SayHello,10000,16415
831904750,SayHello,10000,16391
831912616,SayHello,10000,16229
832085545,SayHello,10000,16464
832240988,SayHello,10000,16322
832315276,SayHello,10000,16348
832460068,SayHello,10000,16427
832566046,SayHello,10000,16200
832570822,SayHello,10000,16357
832701466,SayHello,10000,16358
832734513,SayHello,10000,16232
832854387,SayHello,10000,16971
832885273,SayHello,10000,16389
832937553,SayHello,10000,16207
832950646,SayHello,10000,16297
832962675,SayHello,10000,16358
833102766,SayHello,10000,16374
833217823,SayHello,10000,16395
833350798,SayHello,10000,16391
833469141,SayHello,10000,16204
833472121,SayHello,10000,16350
833473796,SayHello,10000,16424
833490697,SayHello,10000,16200
833495053,SayHello,10000,16289
833579108,SayHello,10000,16391
833634608,SayHello,10000,16235
833658531,SayHello,10000,16346
833664234,SayHello,10000,16374
833702363,SayHello,10000,16538
833751392,SayHello,10000,16385
833758123,SayHello,10000,16362
833859630,SayHello,10000,16424
833891788,SayHello,10000,16376
833997070,SayHello,10000,16384
834048562,SayHello,10000,16376
834122200,SayHello,10000,16214
834154730,SayHello,10000,16309
834268286,SayHello,10000,16332
834301012,SayHello,10000,16362
834318611,SayHello,10000,16395
834322409,SayHello,10000,16225
834455092,SayHello,10000,16556
834465862,SayHello,10000,16332
834543479,SayHello,10000,16433
834626940,SayHello,10000,16392
834685605,SayHello,10000,16458
834798649,SayHello,10000,16393
834879459,SayHello,10000,16261
834912566,SayHello,10000,16234
834958210,SayHello,10000,16746
835075439,SayHello,10000,16457
835089713,SayHello,10000,16351
835276657,SayHello,10000,16328
835314059,SayHello,10000,16333
835317241,SayHello,10000,16226
835468055,SayHello,10000,16355
835471156,SayHello,10000,16431
835611788,SayHello,10000,16415
836014686,SayHello,10000,16364
836054254,SayHello,10000,16421
836105097,SayHello,10000,16395
836194971,SayHello,10000,16303
836303954,SayHello,10000,16290
836317250,SayHello,10000,16377
836332666,SayHello,10000,16354
836491093,SayHello,10000,16393
836570478,SayHello,10000,16226
836661051,SayHello,10000,16194
836775298,SayHello,10000,16336
836790872,SayHello,10000,16357
836802434,SayHello,10000,16441
836847307,SayHello,10000,16397
836871761,SayHello,10000,16199
836875823,SayHello,10000,16424
836878756,SayHello,10000,16401
836997520,SayHello,10000,16335
837077538,SayHello,10000,16311
837110492,SayHello,10000,16398
837261135,SayHello,10000,16432
837352113,SayHello,10000,16226
837683378,SayHello,10000,16357
837840511,SayHello,10000,16413
837924527,SayHello,10000,16407
838047446,SayHello,10000,16388
838082271,SayHello,10000,16395
838222119,SayHello,10000,16209
838437050,SayHello,10000,16278
838620263,SayHello,10000,16361
838714210,SayHello,10000,16202
838731027,SayHello,10000,16343
838797020,SayHello,10000,16365
838981546,SayHello,10000,16376
839157254,SayHello,10000,16391
839158682,SayHello,10000,16223
839173557,SayHello,10000,16371
839238139,SayHello,10000,16430
839322991,SayHello,10000,16199
839351378,SayHello,10000,16283
839372253,SayHello,10000,16271
839458511,SayHello,10000,16392
839527424,SayHello,10000,16420
839601474,SayHello,10000,16390
839641524,SayHello,10000,16367
839667063,SayHello,10000,16532
840445588,SayHello,10000,16397
840745072,SayHello,10000,16358
840746682,SayHello,10000,16414
840832946,SayHello,10000,16353
840833138,SayHello,10000,16354
840910387,SayHello,10000,16223
840991200,SayHello,10000,16349
841004429,SayHello,10000,16309
841011667,SayHello,10000,16345
841095449,SayHello,10000,16376
841385519,SayHello,10000,16396
841513084,SayHello,10000,16592
841574882,SayHello,10000,16326
841589080,SayHello,10000,16865
841615183,SayHello,10000,16305
841624397,SayHello,10000,16449
841753408,SayHello,10000,16412
841781596,SayHello,10000,16222
841896654,SayHello,10000,16423
841943301,SayHello,10000,16287
842097404,SayHello,10000,16232
842104714,SayHello,10000,16213
842128579,SayHello,10000,16351
842140157,SayHello,10000,16389
842163367,SayHello,10000,16255
842199943,SayHello,10000,16237
842255423,SayHello,10000,16244
842286469,SayHello,10000,16366
842497766,SayHello,10000,16247
842584743,SayHello,10000,16353
842599438,SayHello,10000,16408
842634288,SayHello,10000,16222
842709864,SayHello,10000,16406
842810051,SayHello,10000,16357
842939051,SayHello,10000,16350
843022188,SayHello,10000,16424
843081482,SayHello,10000,16345
843108297,SayHello,10000,16389
843136490,SayHello,10000,16234
843233019,SayHello,10000,16515
843392713,SayHello,10000,16366
843394018,SayHello,10000,16382
843551793,SayHello,10000,16222
843575346,SayHello,10000,16366
843787758,SayHello,10000,16241
843884832,SayHello,10000,16394
843891840,SayHello,10000,16208
843906411,SayHello,10000,16199
843912398,SayHello,10000,16363
843931958,SayHello,10000,16353
844019073,SayHello,10000,16643
844148544,SayHello,10000,16208
844284433,SayHello,10000,16330
844402596,SayHello,10000,16399
844410970,SayHello,10000,16435
844417614,SayHello,10000,16445
844482927,SayHello,10000,16390
844540929,SayHello,10000,16336
844709314,SayHello,10000,16352
844748512,SayHello,10000,16550
844832595,SayHello,10000,16462
845093806,SayHello,10000,16403
845228318,SayHello,10000,16334
845654788,SayHello,10000,16360
845860491,SayHello,10000,16350
845957684,SayHello,10000,16519
845987615,SayHello,10000,16687
845988497,SayHello,10000,16246
846257855,SayHello,10000,16392
846383494,SayHello,10000,16427
846407248,SayHello,10000,16242
846425870,SayHello,10000,16360
846437877,SayHello,10000,16402
846583808,SayHello,10000,16414
846590770,SayHello,10000,16388
846629060,SayHello,10000,16360
846721661,SayHello,10000,16297
846823018,SayHello,10000,16224
847226579,SayHello,10000,16435
847331401,SayHello,10000,16333
847370189,SayHello,10000,16386
847556764,SayHello,10000,16225
847708069,SayHello,10000,16239
847769185,SayHello,10000,16382
847770072,SayHello,10000,16369
847776936,SayHello,10000,16698
847783288,SayHello,10000,16407
847820505,SayHello,10000,16351
847991252,SayHello,10000,16397
848114313,SayHello,10000,16398
848208847,SayHello,10000,16270
848239658,SayHello,10000,16230
848258812,SayHello,10000,16358
848332264,SayHello,10000,16392
848414315,SayHello,10000,16416
848420396,SayHello,10000,16415
848493557,SayHello,10000,16326
848561297,SayHello,10000,16405
848623245,SayHello,10000,16205
848630402,SayHello,10000,16411
848672002,SayHello,10000,16379
848726809,SayHello,10000,16365
848901741,SayHello,10000,16418
849066069,SayHello,10000,16356
849091872,SayHello,10000,16325
849201348,SayHello,10000,16433
849210020,SayHello,10000,16381
849242585,SayHello,10000,16357
849565702,SayHello,10000,16392
849571815,SayHello,10000,16395
849850303,SayHello,10000,16211
849902775,SayHello,10000,16358
850005887,SayHello,10000,16341
850013451,SayHello,10000,16370
850041584,SayHello,10000,16389
850213810,SayHello,10000,16422
850215594,SayHello,10000,16233
850456307,SayHello,10000,16375
850607744,SayHello,10000,16396
850711269,SayHello,10000,16426
850767014,SayHello,10000,16430
850882542,SayHello,10000,16403
851046956,SayHello,10000,16233
851057167,SayHello,10000,16364
851100071,SayHello,10000,16325
851250661,SayHello,10000,16417
851367812,SayHello,10000,16219
851411215,SayHello,10000,16347
851551248,SayHello,10000,16411
851654023,SayHello,10000,16345
851667380,SayHello,10000,16345
851910731,SayHello,10000,16335
852108453,SayHello,10000,16395
852126892,SayHello,10000,16378
852303378,SayHello,10000,16454
852319537,SayHello,10000,16452
852328542,SayHello,10000,16557
852334471,SayHello,10000,16349
852362873,SayHello,10000,16244
852498711,SayHello,10000,16376
852692687,SayHello,10000,16307
852794893,SayHello,10000,16382
852863309,SayHello,10000,16376
852938623,SayHello,10000,16355
852947147,SayHello,10000,16392
853110876,SayHello,10000,16305
853279142,SayHello,10000,16363
853376960,SayHello,10000,16344
853452067,SayHello,10000,16270
853724300,SayHello,10000,16328
853832820,SayHello,10000,16196
853832892,SayHello,10000,16367
853931442,SayHello,10000,16459
854046919,SayHello,10000,16382
854215260,SayHello,10000,16215
854322374,SayHello,10000,16364
854344320,SayHello,10000,16458
854422145,SayHello,10000,16213
854438377,SayHello,10000,16355
854463923,SayHello,10000,16355
854775842,SayHello,10000,16368
854786169,SayHello,10000,16363
854788729,SayHello,10000,16220
854873986,SayHello,10000,16325
854880597,SayHello,10000,16328
854917596,SayHello,10000,16427
854922096,SayHello,10000,16426
854930172,SayHello,10000,16370
855137579,SayHello,10000,16230
855199816,SayHello,10000,16367
855243171,SayHello,10000,16358
855250082,SayHello,10000,16390
855290657,SayHello,10000,16299
855293526,SayHello,10000,16392
855333254,SayHello,10000,16288
855343750,SayHello,10000,16248
855436918,SayHello,10000,16300
855438324,SayHello,10000,16414
855474052,SayHello,10000,16406
855530653,SayHello,10000,16332
855556746,SayHello,10000,16388
855813969,SayHello,10000,16313
855988910,SayHello,10000,16384
856009774,SayHello,10000,16222
856109322,SayHello,10000,16340
856199894,SayHello,10000,16372
856238590,SayHello,10000,16638
856374177,SayHello,10000,16206
856400717,SayHello,10000,16417
856566993,SayHello,10000,16343
856574621,SayHello,10000,16420
856660400,SayHello,10000,16226
856715246,SayHello,10000,16198
856749739,SayHello,10000,16205
856788755,SayHello,10000,16392
856789343,SayHello,10000,16622
856808369,SayHello,10000,16417
856830222,SayHello,10000,16329
856936212,SayHello,10000,16327
856982355,SayHello,10000,16265
857000717,SayHello,10000,16356
857050522,SayHello,10000,16394
857104155,SayHello,10000,16380
857153024,SayHello,10000,16384
857302462,SayHello,10000,16356
857309372,SayHello,10000,16370
857443170,SayHello,10000,16346
857494259,SayHello,10000,16332
857719411,SayHello,10000,16204
858048117,SayHello,10000,16209
858064826,SayHello,10000,16365
858096976,SayHello,10000,16396
858222497,SayHello,10000,16359
858317180,SayHello,10000,16287
858327439,SayHello,10000,16371
858394911,SayHello,10000,16418
858414471,SayHello,10000,16442
858487805,SayHello,10000,16386
858567088,SayHello,10000,16226
858635929,SayHello,10000,16223
858718228,SayHello,10000,16424
858784665,SayHello,10000,16381
858820195,SayHello,10000,16385
858824293,SayHello,10000,16283
858835815,SayHello,10000,16220
858998492,SayHello,10000,16372
859022125,SayHello,10000,16333
859030103,SayHello,10000,16374
859126160,SayHello,10000,16338
859158831,SayHello,10000,16403
859273523,SayHello,10000,16307
859294543,SayHello,10000,16418
859311757,SayHello,10000,16395
859382281,SayHello,10000,16395
859670282,SayHello,10000,16814
859671154,SayHello,10000,16327
859818977,SayHello,10000,16352
859821984,SayHello,10000,16343
859831992,SayHello,10000,16533
859847472,SayHello,10000,16509
859923682,SayHello,10000,16449
859984844,SayHello,10000,16595
860011666,SayHello,10000,16346
860047324,SayHello,10000,16200
860095374,SayHello,10000,16410
860386263,SayHello,10000,16229
860456554,SayHello,10000,16227
860481704,SayHello,10000,16424
860567280,SayHello,10000,16345
860721350,SayHello,10000,16378
860759311,SayHello,10000,16273
860792038,SayHello,10000,16278
860815420,SayHello,10000,16206
860878681,SayHello,10000,16461
860883799,SayHello,10000,16420
860988734,SayHello,10000,16422
861204171,SayHello,10000,16397
861278673,SayHello,10000,16326
861305223,SayHello,10000,16212
861331920,SayHello,10000,16349
861556593,SayHello,10000,16336
861559706,SayHello,10000,16419
861600374,SayHello,10000,16342
861710940,SayHello,10000,16347
861807155,SayHello,10000,16418
861828544,SayHello,10000,16359
861950440,SayHello,10000,16357
861963643,SayHello,10000,16387
862309007,SayHello,10000,16401
862410486,SayHello,10000,16343
862518055,SayHello,10000,16336
862643178,SayHello,10000,16420
862644880,SayHello,10000,16417
862647090,SayHello,10000,16391
862685100,SayHello,10000,16373
862724443,SayHello,10000,16332
862777535,SayHello,10000,16362
862792744,SayHello,10000,16360
862857832,SayHello,10000,16357
863028503,SayHello,10000,16325
863131846,SayHello,10000,16364
863248592,SayHello,10000,16459
863353409,SayHello,10000,16345
863399554,SayHello,10000,16354
863551073,SayHello,10000,16398
863599027,SayHello,10000,16338
863980342,SayHello,10000,16353
864116411,SayHello,10000,16356
864410435,SayHello,10000,16332
864571519,SayHello,10000,16340
864778826,SayHello,10000,16362
864924852,SayHello,10000,16421
864933444,SayHello,10000,16339
865077206,SayHello,10000,16204
865179426,SayHello,10000,16392
865217682,SayHello,10000,16237
865281192,SayHello,10000,16351
865298992,SayHello,10000,16351
865617163,SayHello,10000,16405
865786666,SayHello,10000,16395
865798561,SayHello,10000,16432
865835261,SayHello,10000,16211
865883229,SayHello,10000,16638
866149447,SayHello,10000,16444
866169925,SayHello,10000,16393
866265901,SayHello,10000,16361
866521597,SayHello,10000,16411
866522416,SayHello,10000,16349
866549981,SayHello,10000,16354
866693656,SayHello,10000,16357
866759600,SayHello,10000,16550
866817388,SayHello,10000,16304
866870240,SayHello,10000,16380
866948881,SayHello,10000,16422
866968843,SayHello,10000,16229
867075949,SayHello,10000,16242
867091359,SayHello,10000,16222
867191488,SayHello,10000,16392
867199155,SayHello,10000,16365
867287486,SayHello,10000,16395
867499363,SayHello,10000,16691
867653717,SayHello,10000,16224
867667754,SayHello,10000,16212
867711160,SayHello,10000,16458
867806911,SayHello,10000,16320
867861770,SayHello,10000,16286
867866846,SayHello,10000,16216
867889319,SayHello,10000,16212
867918843,SayHello,10000,16385
867979081,SayHello,10000,16934
868159945,SayHello,10000,16391
868167318,SayHello,10000,16423
868263537,SayHello,10000,16348
868285852,SayHello,10000,16345
868311710,SayHello,10000,16222
868341752,SayHello,10000,16385
868364216,SayHello,10000,16363
868374147,SayHello,10000,16388
868409088,SayHello,10000,16430
868497534,SayHello,10000,16435
868518570,SayHello,10000,16277
868635266,SayHello,10000,16226
868837433,SayHello,10000,16373
868942336,SayHello,10000,16364
869019244,SayHello,10000,16221
869048483,SayHello,10000,16302
869260221,SayHello,10000,16399
869261272,SayHello,10000,16349
869300372,SayHello,10000,16229
869369424,SayHello,10000,16349
869425112,SayHello,10000,16227
869609986,SayHello,10000,16373
869799770,SayHello,10000,16337
869806386,SayHello,10000,16226
869819320,SayHello,10000,16220
869846669,SayHello,10000,16299
869846967,SayHello,10000,16337
869905225,SayHello,10000,16429
869938871,SayHello,10000,16337
870006451,SayHello,10000,16349
870027320,SayHello,10000,16393
870060463,SayHello,10000,16520
870139124,SayHello,10000,16823
870231484,SayHello,10000,16357
870293094,SayHello,10000,16202
870388946,SayHello,10000,16332
870508000,SayHello,10000,16352
870550558,SayHello,10000,16238
870636790,SayHello,10000,16439
870738808,SayHello,10000,16202
870881376,SayHello,10000,16282
870976795,SayHello,10000,16424
870979736,SayHello,10000,16206
871026353,SayHello,10000,16326
871159964,SayHello,10000,16368
871172762,SayHello,10000,16401
871207075,SayHello,10000,16446
871523143,SayHello,10000,16374
871652730,SayHello,10000,16350
871717466,SayHello,10000,16317
871823811,SayHello,10000,16347
871949345,SayHello,10000,16245
872110762,SayHello,10000,16394
872180677,SayHello,10000,16323
872203630,SayHello,10000,16513
872324167,SayHello,10000,16346
872361964,SayHello,10000,16401
872483788,SayHello,10000,16350
872513594,SayHello,10000,16401
872526200,SayHello,10000,16202
872531100,SayHello,10000,18136
872568054,SayHello,10000,16328
872620832,SayHello,10000,16371
872686961,SayHello,10000,16387
872734711,SayHello,10000,16509
872770664,SayHello,10000,16387
872784092,SayHello,10000,16227
872797421,SayHello,10000,16370
872849348,SayHello,10000,16321
872975884,SayHello,10000,16322
872996843,SayHello,10000,16202
873075100,SayHello,10000,16203
873195539,SayHello,10000,16438
873333469,SayHello,10000,16363
873362920,SayHello,10000,16323
873454325,SayHello,10000,16364
873631290,SayHello,10000,16227
873677763,SayHello,10000,16386
873733734,SayHello,10000,16340
873737362,SayHello,10000,16385
873869289,SayHello,10000,16362
873945675,SayHello,10000,16293
874013537,SayHello,10000,16335
874051526,SayHello,10000,16327
874077473,SayHello,10000,16350
874122953,SayHello,10000,16404
874203155,SayHello,10000,16377
874223502,SayHello,10000,16454
874299568,SayHello,10000,16345
874337946,SayHello,10000,16333
874388096,SayHello,10000,16233
874486922,SayHello,10000,16363
874712903,SayHello,10000,16574
874749395,SayHello,10000,16331
874793683,SayHello,10000,16452
875142567,SayHello,10000,16407
875245861,SayHello,10000,16233
875290003,SayHello,10000,16420
875298259,SayHello,10000,16331
875303287,SayHello,10000,16351
875328957,SayHello,10000,16432
875351829,SayHello,10000,16360
875567852,SayHello,10000,16225
875612870,SayHello,10000,16210
875666577,SayHello,10000,16417
875795950,SayHello,10000,16216
875964941,SayHello,10000,16344
876025429,SayHello,10000,16202
876148056,SayHello,10000,16290
876207551,SayHello,10000,16374
876232742,SayHello,10000,16404
876302882,SayHello,10000,16390
876471733,SayHello,10000,16327
876482780,SayHello,10000,16396
876525026,SayHello,10000,16599
876558807,SayHello,10000,16394
876615825,SayHello,10000,16522
876721566,SayHello,10000,16432
876807447,SayHello,10000,16365
876938266,SayHello,10000,16424
876996700,SayHello,10000,16230
877099044,SayHello,10000,16387
877158355,SayHello,10000,16348
877245347,SayHello,10000,16351
877366478,SayHello,10000,16360
877375055,SayHello,10000,16393
877378505,SayHello,10000,16346
877445119,SayHello,10000,16422
877466508,SayHello,10000,16336
877504265,SayHello,10000,16391
877509349,SayHello,10000,16359
877626380,SayHello,10000,16360
877636951,SayHello,10000,16210
877695132,SayHello,10000,16352
877810234,SayHello,10000,16331
877828145,SayHello,10000,16352
877872672,SayHello,10000,16378
877924170,SayHello,10000,16328
877953493,SayHello,10000,16805
878692110,SayHello,10000,16392
878703019,SayHello,10000,16311
878756917,SayHello,10000,16336
878850861,SayHello,10000,16233
878917381,SayHello,10000,16354
879047460,SayHello,10000,16418
879165200,SayHello,10000,16330
879171507,SayHello,10000,16304
879326907,SayHello,10000,16413
879395840,SayHello,10000,16361
879457054,SayHello,10000,16381
879634935,SayHello,10000,16358
879655929,SayHello,10000,16242
879661334,SayHello,10000,16333
879689686,SayHello,10000,16428
879712438,SayHello,10000,16370
879735496,SayHello,10000,16375
879751227,SayHello,10000,16353
879908086,SayHello,10000,16358
879930736,SayHello,10000,16304
880030272,SayHello,10000,16337
880040954,SayHello,10000,16354
880054963,SayHello,10000,16391
880095721,SayHello,10000,16339
880136589,SayHello,10000,16336
880158909,SayHello,10000,16398
880379518,SayHello,10000,16428
880404357,SayHello,10000,16370
880577031,SayHello,10000,16389
880957047,SayHello,10000,16341
881019486,SayHello,10000,16396
881047287,SayHello,10000,16276
881068074,SayHello,10000,16395
881085507,SayHello,10000,16346
881089802,SayHello,10000,16347
881117793,SayHello,10000,16363
881164961,SayHello,10000,16521
881243123,SayHello,10000,16412
881534278,SayHello,10000,16282
881585171,SayHello,10000,16366
881634128,SayHello,10000,16231
881667312,SayHello,10000,16356
881822688,SayHello,10000,16356
881935218,SayHello,10000,16361
881967291,SayHello,10000,16233
882013519,SayHello,10000,16396
882187014,SayHello,10000,16404
882318153,SayHello,10000,16426
882337443,SayHello,10000,16348
882358561,SayHello,10000,16333
882454063,SayHello,10000,16426
882480378,SayHello,10000,16346
882538513,SayHello,10000,16224
882622962,SayHello,10000,16344
882834982,SayHello,10000,16394
883134720,SayHello,10000,16304
883146169,SayHello,10000,16396
883169646,SayHello,10000,16271
883190303,SayHello,10000,16367
883271415,SayHello,10000,16212
883462658,SayHello,10000,16394
883534070,SayHello,10000,16328
883547536,SayHello,10000,16382
883633702,SayHello,10000,16431
884090938,SayHello,10000,16369
884118375,SayHello,10000,16321
884147459,SayHello,10000,16219
884342500,SayHello,10000,16328
884497551,SayHello,10000,16363
884511302,SayHello,10000,16428
884516228,SayHello,10000,16200
884560055,SayHello,10000,16235
884618274,SayHello,10000,16214
884789054,SayHello,10000,16356
884799101,SayHello,10000,16192
884896187,SayHello,10000,16382
884980421,SayHello,10000,16345
885065954,SayHello,10000,16365
885440835,SayHello,10000,16307
885489282,SayHello,10000,16335
885697786,SayHello,10000,16359
885767078,SayHello,10000,16375
885768632,SayHello,10000,16368
885928381,SayHello,10000,16356
886053082,SayHello,10000,16228
886106349,SayHello,10000,16330
886151554,SayHello,10000,16652
886244717,SayHello,10000,16411
886317516,SayHello,10000,16325
886368442,SayHello,10000,16322
886521627,SayHello,10000,16355
886586318,SayHello,10000,16555
886771111,SayHello,10000,16429
886795980,SayHello,10000,16326
886922924,SayHello,10000,16386
886924725,SayHello,10000,16395
886992825,SayHello,10000,16224
887290940,SayHello,10000,16571
887339782,SayHello,10000,16360
887340444,SayHello,10000,16355
887505358,SayHello,10000,16240
887620572,SayHello,10000,16292
887755155,SayHello,10000,16282
887779423,SayHello,10000,16400
887819939,SayHello,10000,16325
887864543,SayHello,10000,16373
888093424,SayHello,10000,16875
888099394,SayHello,10000,16291
888125550,SayHello,10000,16309
888252099,SayHello,10000,16441
888306150,SayHello,10000,16578
888457289,SayHello,10000,16392
888539626,SayHello,10000,16360
888580646,SayHello,10000,16394
888643259,SayHello,10000,16318
888721490,SayHello,10000,16205
888779107,SayHello,10000,16358
888804165,SayHello,10000,16397
888821516,SayHello,10000,16404
888998010,SayHello,10000,16366
889038283,SayHello,10000,16393
889092415,SayHello,10000,16369
889248488,SayHello,10000,16348
889307504,SayHello,10000,16342
889486152,SayHello,10000,16353
889576548,SayHello,10000,16352
889759881,SayHello,10000,16421
889850524,SayHello,10000,16345
889892649,SayHello,10000,16392
889893836,SayHello,10000,16351
890256175,SayHello,10000,16507
890282919,SayHello,10000,16373
890364902,SayHello,10000,16217
890627743,SayHello,10000,16331
890669760,SayHello,10000,16243
890807709,SayHello,10000,16413
890826666,SayHello,10000,16417
890991973,SayHello,10000,16355
891006225,SayHello,10000,16396
891024413,SayHello,10000,16361
891149396,SayHello,10000,16391
891261742,SayHello,10000,16412
891449818,SayHello,10000,16714
891584141,SayHello,10000,16360
891702441,SayHello,10000,16384
891746025,SayHello,10000,16362
891839155,SayHello,10000,16325
891850938,SayHello,10000,16208
891910705,SayHello,10000,16203
891915114,SayHello,10000,16402
891965521,SayHello,10000,16325
891989807,SayHello,10000,16298
892168741,SayHello,10000,16707
892256377,SayHello,10000,16372
892401929,SayHello,10000,16344
892448560,SayHello,10000,16227
892543179,SayHello,10000,16445
892610216,SayHello,10000,16390
892643369,SayHello,10000,16386
892690043,SayHello,10000,16326
892774506,SayHello,10000,16395
892788580,SayHello,10000,16392
892905119,SayHello,10000,16518
892957250,SayHello,10000,16356
893131414,SayHello,10000,16340
893171870,SayHello,10000,16200
893411425,SayHello,10000,16273
893436684,SayHello,10000,16339
893443984,SayHello,10000,16285
893497267,SayHello,10000,16375
893522123,SayHello,10000,16328
893677885,SayHello,10000,16231
893806115,SayHello,10000,16352
893913190,SayHello,10000,16404
894203740,SayHello,10000,16363
894313309,SayHello,10000,16421
894365897,SayHello,10000,16224
894409797,SayHello,10000,16225
894421296,SayHello,10000,16340
894600538,SayHello,10000,16421
894688060,SayHello,10000,16308
894734869,SayHello,10000,16354
895058670,SayHello,10000,16393
895230179,SayHello,10000,16338
895263990,SayHello,10000,16409
895278046,SayHello,10000,16228
895404612,SayHello,10000,16350
895540237,SayHello,10000,16425
895546662,SayHello,10000,16310
895569293,SayHello,10000,16435
895660748,SayHello,10000,16361
895775734,SayHello,10000,16368
895912667,SayHello,10000,16226
896037848,SayHello,10000,16361
896247189,SayHello,10000,16338
896384103,SayHello,10000,16227
896471394,SayHello,10000,16383
896541076,SayHello,10000,16325
896820645,SayHello,10000,16438
896898921,SayHello,10000,16361
896963317,SayHello,10000,16281
897059791,SayHello,10000,16231
897084744,SayHello,10000,16294
897235417,SayHello,10000,16396
897333138,SayHello,10000,16456
897603487,SayHello,10000,16418
897654352,SayHello,10000,16198
897924659,SayHello,10000,16359
897971319,SayHello,10000,16283
898008616,SayHello,10000,16415
898034721,SayHello,10000,16357
898119400,SayHello,10000,16427
898176042,SayHello,10000,16367
898192458,SayHello,10000,16402
898281844,SayHello,10000,16352
898315376,SayHello,10000,16394
898317344,SayHello,10000,16307
898450250,SayHello,10000,16352
898479926,SayHello,10000,16386
898684228,SayHello,10000,16335
898971254,SayHello,10000,16405
899016138,SayHello,10000,16361
899045659,SayHello,10000,16344
899098090,SayHello,10000,16268
899132141,SayHello,10000,16276
899221906,SayHello,10000,16373
899349961,SayHello,10000,16337
899405009,SayHello,10000,16347
899474285,SayHello,10000,16367
899538661,SayHello,10000,16421
899665877,SayHello,10000,16334
899684578,SayHello,10000,16344
899812365,SayHello,10000,16370
899925342,SayHello,10000,16216
900024641,SayHello,10000,16415
900112148,SayHello,10000,16359
900219297,SayHello,10000,16340
900373198,SayHello,10000,16198
900400720,SayHello,10000,16399
900632635,SayHello,10000,16381
900636150,SayHello,10000,16343
900672043,SayHello,10000,16443
900688220,SayHello,10000,16310
900941122,SayHello,10000,16303
900957003,SayHello,10000,16337
901003845,SayHello,10000,16267
901109182,SayHello,10000,16243
901501996,SayHello,10000,16356
901555233,SayHello,10000,16341
901611316,SayHello,10000,16203
901781136,SayHello,10000,16211
901828389,SayHello,10000,16346
901924151,SayHello,10000,16203
902005889,SayHello,10000,16413
902142094,SayHello,10000,16382
902149079,SayHello,10000,16227
902189141,SayHello,10000,16366
902200367,SayHello,10000,16403
902201399,SayHello,10000,16426
902252547,SayHello,10000,16364
902357981,SayHello,10000,16245
902410840,SayHello,10000,16425
902555253,SayHello,10000,16399
902611893,SayHello,10000,16425
902679887,SayHello,10000,16198
902683804,SayHello,10000,16332
902829254,SayHello,10000,16198
902906151,SayHello,10000,16423
903074894,SayHello,10000,16357
903164565,SayHello,10000,16342
903327974,SayHello,10000,16248
903521231,SayHello,10000,16426
903644025,SayHello,10000,16383
903709879,SayHello,10000,16392
903714322,SayHello,10000,16353
903743867,SayHello,10000,16302
903749820,SayHello,10000,16439
903749989,SayHello,10000,16389
904000405,SayHello,10000,16198
904092588,SayHello,10000,16362
904391394,SayHello,10000,16409
904460179,SayHello,10000,16418
904507284,SayHello,10000,16425
904520841,SayHello,10000,16329
904751942,SayHello,10000,16394
904784387,SayHello,10000,16365
904866416,SayHello,10000,16381
904890753,SayHello,10000,16384
904940355,SayHello,10000,16391
905277154,SayHello,10000,16402
905304346,SayHello,10000,16239
905348744,SayHello,10000,16230
905490088,SayHello,10000,16373
905649825,SayHello,10000,16364
905734850,SayHello,10000,16381
905751108,SayHello,10000,16432
905809087,SayHello,10000,16368
905828710,SayHello,10000,16444
905835418,SayHello,10000,16666
905927504,SayHello,10000,16396
905944066,SayHello,10000,16358
906196376,SayHello,10000,16333
906342961,SayHello,10000,16416
906402990,SayHello,10000,16546
906429580,SayHello,10000,16386
906433829,SayHello,10000,16293
906507644,SayHello,10000,16310
906692420,SayHello,10000,16313
906694697,SayHello,10000,16370
906807682,SayHello,10000,16393
906922890,SayHello,10000,16197
906997496,SayHello,10000,16332
907029014,SayHello,10000,16348
907292776,SayHello,10000,16407
907376494,SayHello,10000,16342
907382201,SayHello,10000,16344
907594596,SayHello,10000,16398
908085467,SayHello,10000,16324
908287758,SayHello,10000,16340
908302168,SayHello,10000,16351
908306733,SayHello,10000,16353
908396638,SayHello,10000,16390
908730104,SayHello,10000,16364
908901889,SayHello,10000,16415
908907081,SayHello,10000,16398
908935558,SayHello,10000,16486
909065268,SayHello,10000,16340
909120160,SayHello,10000,16344
909236720,SayHello,10000,16293
909306461,SayHello,10000,16393
909486359,SayHello,10000,16441
909570518,SayHello,10000,16218
909581985,SayHello,10000,16378
910052666,SayHello,10000,16361
910126445,SayHello,10000,16348
910210904,SayHello,10000,16221
910228669,SayHello,10000,16208
910425282,SayHello,10000,16413
910545633,SayHello,10000,16345
910595193,SayHello,10000,16462
910728406,SayHello,10000,16399
910778125,SayHello,10000,16343
910889860,SayHello,10000,16275
911074913,SayHello,10000,16231
911151044,SayHello,10000,16333
911171093,SayHello,10000,16345
911266578,SayHello,10000,16393
911574768,SayHello,10000,16864
911738256,SayHello,10000,16329
911780014,SayHello,10000,16356
911882493,SayHello,10000,16341
911958433,SayHello,10000,16334
911958485,SayHello,10000,16225
912219001,SayHello,10000,16363
912426129,SayHello,10000,16348
912461223,SayHello,10000,16532
912486975,SayHello,10000,16354
912548206,SayHello,10000,16364
912572095,SayHello,10000,16302
912730738,SayHello,10000,16440
913102782,SayHello,10000,16300
913163509,SayHello,10000,16234
913206344,SayHello,10000,16363
913272364,SayHello,10000,16232
913280860,SayHello,10000,16435
913281284,SayHello,10000,16349
913299477,SayHello,10000,16426
913435781,SayHello,10000,16645
913509213,SayHello,10000,16357
913688242,SayHello,10000,16295
913705839,SayHello,10000,16395
913713630,SayHello,10000,16352
913804834,SayHello,10000,16356
913860214,SayHello,10000,16393
913894832,SayHello,10000,16201
913896604,SayHello,10000,16272
913937977,SayHello,10000,16302
914002087,SayHello,10000,16363
914176212,SayHello,10000,16451
914217893,SayHello,10000,16316
914226515,SayHello,10000,16536
914325994,SayHello,10000,16367
914388451,SayHello,10000,16370
914390998,SayHello,10000,16359
914433518,SayHello,10000,16355
914484116,SayHello,10000,16223
914792029,SayHello,10000,16389
914868853,SayHello,10000,16340
914874605,SayHello,10000,16322
914893895,SayHello,10000,16234
915061709,SayHello,10000,16362
915085279,SayHello,10000,16228
915284865,SayHello,10000,16367
915297127,SayHello,10000,16212
915326061,SayHello,10000,16230
915327514,SayHello,10000,16541
915437684,SayHello,10000,16400
915640951,SayHello,10000,16569
915696205,SayHello,10000,16399
915721884,SayHello,10000,16332
915773737,SayHello,10000,16422
915868885,SayHello,10000,16415
915959090,SayHello,10000,16357
916114198,SayHello,10000,16343
916172047,SayHello,10000,16383
916298606,SayHello,10000,16395
916325244,SayHello,10000,16330
916501536,SayHello,10000,16404
916663773,SayHello,10000,16330
916688048,SayHello,10000,16329
916710694,SayHello,10000,16339
916741548,SayHello,10000,16306
916779161,SayHello,10000,16207
916825630,SayHello,10000,16428
916970493,SayHello,10000,16382
917103788,SayHello,10000,16701
917145395,SayHello,10000,16341
917186570,SayHello,10000,16386
917219689,SayHello,10000,16223
917330858,SayHello,10000,16368
917356420,SayHello,10000,16355
917372040,SayHello,10000,16434
917439715,SayHello,10000,16331
917501098,SayHello,10000,16353
917529019,SayHello,10000,16388
917531185,SayHello,10000,16391
917751433,SayHello,10000,16391
917756075,SayHello,10000,16285
917856622,SayHello,10000,16341
917878799,SayHello,10000,16214
917947656,SayHello,10000,16398
918124822,SayHello,10000,16415
918229940,SayHello,10000,16197
918237882,SayHello,10000,16344
918293452,SayHello,10000,16198
918331463,SayHello,10000,16199
918559850,SayHello,10000,16374
918695309,SayHello,10000,16374
918718477,SayHello,10000,16375
918774089,SayHello,10000,16343
918792189,SayHello,10000,16357
918833079,SayHello,10000,16401
918856000,SayHello,10000,16399
918932166,SayHello,10000,16427
919137751,SayHello,10000,16420
919187960,SayHello,10000,16199
919335336,SayHello,10000,16397
919476863,SayHello,10000,16224
919517816,SayHello,10000,16360
919534628,SayHello,10000,16418
919563739,SayHello,10000,16350
919576984,SayHello,10000,16380
919577261,SayHello,10000,16359
919603374,SayHello,10000,16330
919603508,SayHello,10000,16210
919686412,SayHello,10000,16328
919887484,SayHello,10000,16391
919894221,SayHello,10000,16230
919897274,SayHello,10000,16335
919977090,SayHello,10000,16392
920392231,SayHello,10000,16317
920401387,SayHello,10000,16399
920470217,SayHello,10000,16452
920737645,SayHello,10000,16422
920808670,SayHello,10000,16363
920820411,SayHello,10000,16350
920850591,SayHello,10000,16275
920855874,SayHello,10000,16366
920977995,SayHello,10000,16429
921191251,SayHello,10000,16428
921253855,SayHello,10000,16243
921336562,SayHello,10000,16361
921345000,SayHello,10000,16333
921355461,SayHello,10000,16353
921447588,SayHello,10000,16358
921486264,SayHello,10000,16302
921539274,SayHello,10000,16471
921622221,SayHello,10000,16708
921628966,SayHello,10000,16542
921874395,SayHello,10000,16364
922217076,SayHello,10000,16353
922424698,SayHello,10000,16351
922606672,SayHello,10000,16233
922699625,SayHello,10000,16199
922746049,SayHello,10000,16357
922839113,SayHello,10000,16399
923056433,SayHello,10000,16433
923114811,SayHello,10000,16348
923206202,SayHello,10000,16201
923213578,SayHello,10000,16364
923254794,SayHello,10000,16394
923367645,SayHello,10000,16365
923424447,SayHello,10000,16327
923498300,SayHello,10000,16229
923550385,SayHello,10000,16339
923605064,SayHello,10000,16348
923631390,SayHello,10000,16530
923654491,SayHello,10000,16276
923700122,SayHello,10000,16363
923704347,SayHello,10000,16397
923753521,SayHello,10000,16328
923815407,SayHello,10000,16434
923921336,SayHello,10000,16347
923999390,SayHello,10000,16225
924161815,SayHello,10000,16362
924310613,SayHello,10000,16426
924411566,SayHello,10000,16452
924600456,SayHello,10000,16344
924661418,SayHello,10000,16421
924768868,SayHello,10000,16351
924830832,SayHello,10000,16455
924844847,SayHello,10000,16382
925022366,SayHello,10000,16278
925296841,SayHello,10000,16384
925432146,SayHello,10000,16341
925535324,SayHello,10000,16372
925572366,SayHello,10000,16254
925592887,SayHello,10000,16330
925608057,SayHello,10000,16241
925752948,SayHello,10000,16361
925903647,SayHello,10000,16249
926233458,SayHello,10000,16218
926314849,SayHello,10000,16332
926440528,SayHello,10000,16394
926580402,SayHello,10000,16232
926628423,SayHello,10000,16431
926837829,SayHello,10000,16456
926923248,SayHello,10000,16327
927105889,SayHello,10000,16379
927176298,SayHello,10000,16346
927215215,SayHello,10000,16409
927338935,SayHello,10000,16483
927510447,SayHello,10000,16346
927700029,SayHello,10000,16360
927741933,SayHello,10000,16223
927770794,SayHello,10000,16205
927856009,SayHello,10000,16276
928001696,SayHello,10000,16420
928193046,SayHello,10000,16423
928244989,SayHello,10000,16431
928259026,SayHello,10000,16228
928303640,SayHello,10000,16269
928613733,SayHello,10000,16207
928664398,SayHello,10000,16363
928723475,SayHello,10000,16470
928755941,SayHello,10000,16350
928847451,SayHello,10000,16603
928856406,SayHello,10000,16319
928962863,SayHello,10000,16224
929043308,SayHello,10000,16337
929061710,SayHello,10000,16349
929129011,SayHello,10000,16423
929136235,SayHello,10000,16290
929175407,SayHello,10000,16423
929177878,SayHello,10000,16329
929239301,SayHello,10000,16227
929266260,SayHello,10000,16343
929316957,SayHello,10000,16299
929332075,SayHello,10000,16491
929454887,SayHello,10000,16349
929657705,SayHello,10000,16394
929706999,SayHello,10000,16391
929733100,SayHello,10000,16239
929798155,SayHello,10000,16415
929889471,SayHello,10000,16294
929954612,SayHello,10000,16355
929973892,SayHello,10000,16416
930035868,SayHello,10000,16333
930089953,SayHello,10000,16420
930199859,SayHello,10000,16220
930264960,SayHello,10000,16344
930283076,SayHello,10000,16331
930513511,SayHello,10000,16376
930536099,SayHello,10000,16393
930607842,SayHello,10000,16256
930640706,SayHello,10000,16351
930761283,SayHello,10000,16286
930863874,SayHello,10000,16214
931071653,SayHello,10000,16407
931100342,SayHello,10000,16225
931225967,SayHello,10000,16349
931354430,SayHello,10000,16349
931472483,SayHello,10000,16357
931659072,SayHello,10000,16348
931681288,SayHello,10000,16327
931711333,SayHello,10000,16386
931745844,SayHello,10000,16373
931840887,SayHello,10000,16393
931939620,SayHello,10000,16404
931998720,SayHello,10000,16333
931999333,SayHello,10000,16414
932095767,SayHello,10000,16359
932250953,SayHello,10000,16391
932251423,SayHello,10000,16353
932251737,SayHello,10000,16356
932475986,SayHello,10000,16336
932619805,SayHello,10000,16214
932754582,SayHello,10000,16337
932784468,SayHello,10000,16208
932958912,SayHello,10000,16350
933016952,SayHello,10000,16442
933027648,SayHello,10000,16355
933235276,SayHello,10000,16329
933402543,SayHello,10000,16330
933454468,SayHello,10000,16396
933476570,SayHello,10000,16346
933543723,SayHello,10000,16198
933837551,SayHello,10000,16284
933979597,SayHello,10000,16357
934003612,SayHello,10000,16227
934016272,SayHello,10000,16423
934027505,SayHello,10000,16238
934060782,SayHello,10000,16395
934118729,SayHello,10000,16401
934187906,SayHello,10000,16360
934204527,SayHello,10000,16206
934215776,SayHello,10000,16339
934253014,SayHello,10000,16228
934265984,SayHello,10000,16323
934291327,SayHello,10000,16390
934407471,SayHello,10000,16293
934442165,SayHello,10000,16399
934542516,SayHello,10000,16225
934680524,SayHello,10000,16352
934810523,SayHello,10000,16287
934825000,SayHello,10000,16339
934828085,SayHello,10000,16299
934900037,SayHello,10000,16398
934979890,SayHello,10000,16519
935004847,SayHello,10000,16361
935128039,SayHello,10000,16303
935216732,SayHello,10000,16433
935245019,SayHello,10000,16474
935360724,SayHello,10000,16414
935378288,SayHello,10000,16458
935520794,SayHello,10000,16417
935521952,SayHello,10000,16384
935678396,SayHello,10000,16398
935749989,SayHello,10000,16399
935933689,SayHello,10000,16376
935959313,SayHello,10000,16346
936012896,SayHello,10000,16342
936197980,SayHello,10000,16298
936257060,SayHello,10000,16345
936373175,SayHello,10000,16388
936407421,SayHello,10000,16363
936438342,SayHello,10000,16365
936499205,SayHello,10000,16223
936673395,SayHello,10000,16413
936724559,SayHello,10000,16412
936968454,SayHello,10000,16232
937064043,SayHello,10000,16373
937187485,SayHello,10000,16403
937211154,SayHello,10000,16365
937411184,SayHello,10000,16494
937453870,SayHello,10000,16348
937549515,SayHello,10000,16240
937575485,SayHello,10000,16379
937586673,SayHello,10000,16356
937641078,SayHello,10000,16273
937645249,SayHello,10000,16350
938091662,SayHello,10000,16452
938162898,SayHello,10000,16250
938475309,SayHello,10000,16348
938778449,SayHello,10000,16216
938781654,SayHello,10000,16268
938875481,SayHello,10000,16317
938885369,SayHello,10000,16205
938974870,SayHello,10000,16355
939034086,SayHello,10000,16345
939061041,SayHello,10000,16405
939081972,SayHello,10000,16366
939184979,SayHello,10000,16357
939198298,SayHello,10000,16529
939345917,SayHello,10000,16346
939413497,SayHello,10000,16335
939458927,SayHello,10000,16354
939550097,SayHello,10000,16397
939654597,SayHello,10000,16341
939686378,SayHello,10000,16410
939753085,SayHello,10000,16345
939855518,SayHello,10000,16227
939996042,SayHello,10000,16215
940029724,SayHello,10000,16414
940241087,SayHello,10000,16224
940264868,SayHello,10000,16357
940288575,SayHello,10000,16390
940302404,SayHello,10000,16467
940335232,SayHello,10000,16245
940505223,SayHello,10000,16393
940544077,SayHello,10000,16552
940544897,SayHello,10000,16419
940888355,SayHello,10000,16234
940960374,SayHello,10000,16417
940991954,SayHello,10000,16346
941080843,SayHello,10000,16327
941183675,SayHello,10000,16391
941269442,SayHello,10000,16334
941335105,SayHello,10000,16201
941363438,SayHello,10000,16475
941410744,SayHello,10000,16280
941511223,SayHello,10000,16571
941531725,SayHello,10000,16392
941626005,SayHello,10000,16415
941721016,SayHello,10000,16199
941814998,SayHello,10000,16304
941946545,SayHello,10000,16717
941977470,SayHello,10000,16705
941995423,SayHello,10000,16363
942048318,SayHello,10000,16459
942061380,SayHello,10000,16346
942127505,SayHello,10000,16346
942229525,SayHello,10000,16575
942238011,SayHello,10000,16203
942267769,SayHello,10000,16348
942330531,SayHello,10000,16374
942517177,SayHello,10000,16239
942633068,SayHello,10000,16338
942791630,SayHello,10000,16414
942898355,SayHello,10000,16332
942996041,SayHello,10000,16374
943091986,SayHello,10000,16204
943110671,SayHello,10000,16211
943117879,SayHello,10000,16363
943131025,SayHello,10000,16278
943338010,SayHello,10000,16364
943343470,SayHello,10000,16298
943365235,SayHello,10000,16375
943494194,SayHello,10000,16372
943579657,SayHello,10000,16345
943815511,SayHello,10000,16344
944074253,SayHello,10000,16417
944388588,SayHello,10000,16357
944403406,SayHello,10000,16419
944471462,SayHello,10000,16231
944524673,SayHello,10000,16365
944608799,SayHello,10000,16332
944624686,SayHello,10000,16416
944787699,SayHello,10000,16427
944794130,SayHello,10000,16418
944842961,SayHello,10000,16424
944932771,SayHello,10000,16275
944984396,SayHello,10000,16425
945084733,SayHello,10000,16389
945172494,SayHello,10000,16356
945316565,SayHello,10000,16423
945386438,SayHello,10000,16335
945426541,SayHello,10000,16419
945427371,SayHello,10000,16224
945529333,SayHello,10000,16444
945553061,SayHello,10000,16296
945564385,SayHello,10000,16276
945648847,SayHello,10000,16377
945829760,SayHello,10000,16332
946052052,SayHello,10000,16376
946140640,SayHello,10000,16363
946146402,SayHello,10000,16347
946339879,SayHello,10000,16372
946504970,SayHello,10000,16424
946509152,SayHello,10000,16348
946511199,SayHello,10000,16325
946672707,SayHello,10000,16336
946672980,SayHello,10000,16398
946909278,SayHello,10000,16393
947280434,SayHello,10000,16269
947314135,SayHello,10000,16423
947335474,SayHello,10000,16394
947356817,SayHello,10000,16392
947427950,SayHello,10000,16322
947616377,SayHello,10000,16446
947843834,SayHello,10000,16371
947936450,SayHello,10000,16428
948071924,SayHello,10000,16392
948261019,SayHello,10000,16247
948326371,SayHello,10000,16336
948443735,SayHello,10000,16360
948676537,SayHello,10000,16227
948777030,SayHello,10000,16325
948891553,SayHello,10000,16520
948974416,SayHello,10000,16347
949019607,SayHello,10000,16367
949117833,SayHello,10000,16398
949211312,SayHello,10000,16298
949319129,SayHello,10000,16404
949335498,SayHello,10000,16421
949521151,SayHello,10000,16228
949590783,SayHello,10000,16207
949597778,SayHello,10000,16425
949745473,SayHello,10000,16361
949748072,SayHello,10000,16527
949797702,SayHello,10000,16351
949807066,SayHello,10000,16368
949813107,SayHello,10000,16212
949816301,SayHello,10000,16359
949993670,SayHello,10000,16436
950040020,SayHello,10000,16387
950209118,SayHello,10000,16307
950373726,SayHello,10000,16421
950484025,SayHello,10000,16372
950512166,SayHello,10000,16395
950599737,SayHello,10000,16345
950655246,SayHello,10000,16404
950706835,SayHello,10000,16355
950744416,SayHello,10000,16233
950856000,SayHello,10000,16368
950867118,SayHello,10000,16357
950887311,SayHello,10000,16394
951044959,SayHello,10000,16201
951098271,SayHello,10000,16343
951108485,SayHello,10000,16348
951179759,SayHello,10000,16297
951285119,SayHello,10000,16224
951479939,SayHello,10000,16350
951505662,SayHello,10000,16658
951527574,SayHello,10000,16422
951725336,SayHello,10000,16322
951750214,SayHello,10000,16376
951863621,SayHello,10000,16341
951954985,SayHello,10000,16285
951984718,SayHello,10000,16324
951987882,SayHello,10000,16361
952029572,SayHello,10000,19137
952055592,SayHello,10000,16348
952234573,SayHello,10000,16347
952446958,SayHello,10000,16325
952471790,SayHello,10000,16358
952493048,SayHello,10000,16234
952573919,SayHello,10000,16215
952898149,SayHello,10000,16412
952914576,SayHello,10000,16353
952990277,SayHello,10000,16406
953095442,SayHello,10000,16212
953111432,SayHello,10000,16391
953129530,SayHello,10000,16419
953132917,SayHello,10000,16361
953135408,SayHello,10000,16326
953151826,SayHello,10000,16396
953181322,SayHello,10000,16382
953419610,SayHello,10000,16280
953429700,SayHello,10000,16332
953485660,SayHello,10000,16389
953530645,SayHello,10000,16299
953569042,SayHello,10000,16344
953606087,SayHello,10000,16384
953890627,SayHello,10000,16246
953920802,SayHello,10000,16329
953994032,SayHello,10000,16362
954041174,SayHello,10000,16340
954087336,SayHello,10000,16668
954322892,SayHello,10000,16337
954343147,SayHello,10000,16334
954371528,SayHello,10000,16214
954427841,SayHello,10000,16337
954452416,SayHello,10000,16427
954497601,SayHello,10000,16440
954542132,SayHello,10000,16233
954667710,SayHello,10000,16462
954691460,SayHello,10000,16219
954892089,SayHello,10000,16410
955087401,SayHello,10000,16343
955106084,SayHello,10000,16416
955190636,SayHello,10000,16334
955222748,SayHello,10000,16329
955227555,SayHello,10000,16451
955262322,SayHello,10000,16350
955299330,SayHello,10000,16349
955476470,SayHello,10000,16345
955670831,SayHello,10000,16293
955679209,SayHello,10000,16325
955699357,SayHello,10000,16310
955720819,SayHello,10000,16450
955736319,SayHello,10000,16285
955823053,SayHello,10000,16203
955923726,SayHello,10000,16330
955959109,SayHello,10000,16239
956006633,SayHello,10000,16396
956045857,SayHello,10000,16377
956047093,SayHello,10000,16419
956108347,SayHello,10000,16395
956144372,SayHello,10000,16353
956339536,SayHello,10000,16381
956359663,SayHello,10000,16431
956483670,SayHello,10000,16375
956487244,SayHello,10000,16360
956492819,SayHello,10000,16320
956511707,SayHello,10000,16237
956518625,SayHello,10000,16321
956656842,SayHello,10000,16356
956698200,SayHello,10000,16371
956719089,SayHello,10000,16354
957096593,SayHello,10000,16229
957469628,SayHello,10000,16421
957499436,SayHello,10000,16323
957554876,SayHello,10000,16356
957665178,SayHello,10000,16279
957784041,SayHello,10000,16332
957787027,SayHello,10000,16324
957819687,SayHello,10000,16295
957888236,SayHello,10000,16393
957896436,SayHello,10000,16196
957938912,SayHello,10000,16385
958084517,SayHello,10000,16344
958122962,SayHello,10000,16216
958178932,SayHello,10000,16353
958366228,SayHello,10000,16362
958386971,SayHello,10000,16456
958400640,SayHello,10000,16400
958603143,SayHello,10000,16342
958619267,SayHello,10000,16364
958621062,SayHello,10000,16330
958733101,SayHello,10000,16353
958827675,SayHello,10000,16195
958867141,SayHello,10000,16326
958873742,SayHello,10000,16694
958893204,SayHello,10000,16378
958920296,SayHello,10000,16207
959049109,SayHello,10000,16334
959168375,SayHello,10000,16798
959311016,SayHello,10000,16393
959416611,SayHello,10000,16360
959524548,SayHello,10000,16356
959586775,SayHello,10000,16393
959603465,SayHello,10000,16238
959642906,SayHello,10000,16239
959682784,SayHello,10000,16361
959702056,SayHello,10000,16351
959869303,SayHello,10000,16436
959873345,SayHello,10000,16358
960207092,SayHello,10000,16200
960220360,SayHello,10000,16330
960442573,SayHello,10000,16403
960459731,SayHello,10000,16333
960581828,SayHello,10000,16356
960712076,SayHello,10000,16354
960725980,SayHello,10000,16415
960744450,SayHello,10000,16424
960830080,SayHello,10000,16352
960914178,SayHello,10000,16353
961057783,SayHello,10000,16298
961153278,SayHello,10000,16403
961252367,SayHello,10000,16380
961434655,SayHello,10000,16242
961507763,SayHello,10000,16208
961576037,SayHello,10000,16353
961644003,SayHello,10000,16348
961656840,SayHello,10000,16327
961723901,SayHello,10000,16309
961804741,SayHello,10000,16330
961859948,SayHello,10000,16410
961977275,SayHello,10000,16509
961981902,SayHello,10000,16342
962076563,SayHello,10000,16381
962076635,SayHello,10000,16240
962085363,SayHello,10000,16284
962175057,SayHello,10000,16247
962221052,SayHello,10000,16281
962256831,SayHello,10000,16424
962341405,SayHello,10000,16217
962385570,SayHello,10000,16366
962534157,SayHello,10000,16668
962536247,SayHello,10000,16355
962572358,SayHello,10000,16323
962726012,SayHello,10000,16345
962845542,SayHello,10000,16380
962956562,SayHello,10000,16379
962974568,SayHello,10000,16595
963165822,SayHello,10000,16328
963202964,SayHello,10000,16349
963502802,SayHello,10000,16367
963547355,SayHello,10000,16390
963572749,SayHello,10000,16351
963914644,SayHello,10000,16358
963945855,SayHello,10000,16392
964139762,SayHello,10000,16504
964148080,SayHello,10000,16386
964180757,SayHello,10000,16455
964259445,SayHello,10000,16268
964324128,SayHello,10000,16684
964611087,SayHello,10000,16420
964638890,SayHello,10000,16343
964765207,SayHello,10000,16314
964804881,SayHello,10000,16221
964825389,SayHello,10000,16371
964902054,SayHello,10000,16406
964927321,SayHello,10000,16435
965027283,SayHello,10000,16494
965076372,SayHello,10000,16235
965091588,SayHello,10000,16200
965251309,SayHello,10000,16451
965341157,SayHello,10000,16262
965476058,SayHello,10000,16353
965539753,SayHello,10000,16337
965569996,SayHello,10000,16206
965628359,SayHello,10000,16397
965697813,SayHello,10000,16295
965706100,SayHello,10000,16363
965715906,SayHello,10000,16338
965726872,SayHello,10000,16278
965727621,SayHello,10000,16432
965916365,SayHello,10000,16439
966064421,SayHello,10000,16890
966131659,SayHello,10000,16215
966225052,SayHello,10000,16331
966324795,SayHello,10000,16334
966367587,SayHello,10000,16338
966525719,SayHello,10000,16383
966563294,SayHello,10000,16401
966744094,SayHello,10000,16224
966865666,SayHello,10000,16269
966933187,SayHello,10000,16222
966962844,SayHello,10000,16399
967180400,SayHello,10000,16372
967344196,SayHello,10000,16349
967416533,SayHello,10000,16738
967433511,SayHello,10000,16352
967440060,SayHello,10000,16347
967474735,SayHello,10000,16392
967483601,SayHello,10000,16363
967522454,SayHello,10000,16398
967602211,SayHello,10000,16401
967862625,SayHello,10000,16383
967863301,SayHello,10000,16350
967962205,SayHello,10000,16373
968023980,SayHello,10000,16578
968049027,SayHello,10000,16451
968124750,SayHello,10000,16341
968380343,SayHello,10000,16630
968382418,SayHello,10000,16416
968473723,SayHello,10000,16352
968607510,SayHello,10000,16418
968613014,SayHello,10000,16368
968620460,SayHello,10000,16356
968817490,SayHello,10000,16386
968954868,SayHello,10000,16218
968975936,SayHello,10000,16234
969053916,SayHello,10000,16256
969069784,SayHello,10000,16226
969075080,SayHello,10000,16465
969154173,SayHello,10000,16334
969217335,SayHello,10000,16244
969403495,SayHello,10000,16401
969430685,SayHello,10000,16281
969486226,SayHello,10000,16373
969858193,SayHello,10000,16393
969984889,SayHello,10000,16203
969988834,SayHello,10000,16331
970204834,SayHello,10000,16340
970273181,SayHello,10000,16346
970387344,SayHello,10000,16347
970401585,SayHello,10000,16350
970408949,SayHello,10000,16329
970421394,SayHello,10000,16401
970432784,SayHello,10000,16888
970435595,SayHello,10000,16363
970445106,SayHello,10000,16204
970477479,SayHello,10000,16440
970507189,SayHello,10000,16225
970508958,SayHello,10000,16361
970963173,SayHello,10000,16302
970999672,SayHello,10000,16360
971014215,SayHello,10000,16393
971020050,SayHello,10000,16360
971035495,SayHello,10000,16347
971067068,SayHello,10000,16398
971163415,SayHello,10000,16342
971194788,SayHello,10000,16352
971253121,SayHello,10000,16343
971450743,SayHello,10000,16362
971462762,SayHello,10000,16386
971493122,SayHello,10000,16391
971537243,SayHello,10000,16325
971558134,SayHello,10000,16326
971559268,SayHello,10000,16230
971570791,SayHello,10000,16323
971624624,SayHello,10000,16401
971684671,SayHello,10000,16395
971692415,SayHello,10000,16351
971701744,SayHello,10000,16227
971804143,SayHello,10000,16355
971908116,SayHello,10000,16368
971974684,SayHello,10000,16354
972003485,SayHello,10000,16405
972031539,SayHello,10000,16399
972146566,SayHello,10000,16395
972172599,SayHello,10000,16414
972456598,SayHello,10000,16403
972524439,SayHello,10000,16214
972639811,SayHello,10000,16360
972772088,SayHello,10000,16331
972779719,SayHello,10000,16346
972894448,SayHello,10000,16380
972933802,SayHello,10000,16397
972985007,SayHello,10000,16200
973124809,SayHello,10000,16398
973316444,SayHello,10000,16424
973321532,SayHello,10000,16627
973350151,SayHello,10000,16225
973368155,SayHello,10000,16201
973396474,SayHello,10000,16217
973438543,SayHello,10000,16337
973495673,SayHello,10000,16389
973558518,SayHello,10000,16213
973609714,SayHello,10000,16489
973617916,SayHello,10000,16294
973642689,SayHello,10000,16226
973822881,SayHello,10000,16244
973825278,SayHello,10000,16421
973855834,SayHello,10000,16323
973951238,SayHello,10000,16357
974073975,SayHello,10000,16388
974188458,SayHello,10000,16386
974218629,SayHello,10000,16401
974227656,SayHello,10000,16358
974323466,SayHello,10000,16379
974508580,SayHello,10000,16324
974546980,SayHello,10000,16364
974630018,SayHello,10000,16274
974770149,SayHello,10000,16340
974816127,SayHello,10000,16392
974827619,SayHello,10000,16373
974867616,SayHello,10000,16370
975000586,SayHello,10000,16373
975209543,SayHello,10000,16364
975213787,SayHello,10000,16350
975288370,SayHello,10000,16324
975448399,SayHello,10000,16366
975496823,SayHello,10000,16332
975511545,SayHello,10000,16231
975516645,SayHello,10000,16334
975546130,SayHello,10000,16326
975838391,SayHello,10000,16398
976062892,SayHello,10000,16741
976243955,SayHello,10000,16388
976263798,SayHello,10000,16231
976293677,SayHello,10000,16347
976328504,SayHello,10000,16213
976332551,SayHello,10000,16437
976513580,SayHello,10000,16365
976625950,SayHello,10000,16391
976657139,SayHello,10000,16351
976662588,SayHello,10000,16380
976782299,SayHello,10000,16436
976787177,SayHello,10000,16389
976885905,SayHello,10000,16422
976906659,SayHello,10000,16343
976973871,SayHello,10000,16242
977397935,SayHello,10000,16334
977652409,SayHello,10000,16354
977679711,SayHello,10000,16223
977730376,SayHello,10000,16585
977835238,SayHello,10000,16345
977956953,SayHello,10000,16409
977986732,SayHello,10000,16334
977998440,SayHello,10000,16280
978149131,SayHello,10000,16347
978190119,SayHello,10000,16345
978199582,SayHello,10000,16359
978201173,SayHello,10000,16203
978212748,SayHello,10000,16399
978260564,SayHello,10000,16359
978271104,SayHello,10000,16330
978640141,SayHello,10000,16525
978740857,SayHello,10000,16412
978941670,SayHello,10000,16437
978944144,SayHello,10000,16347
979158875,SayHello,10000,16374
979250742,SayHello,10000,16366
979514223,SayHello,10000,16355
979557196,SayHello,10000,16423
979704506,SayHello,10000,16411
979766446,SayHello,10000,16397
979783550,SayHello,10000,16432
979899139,SayHello,10000,16368
979969753,SayHello,10000,16361
980001873,SayHello,10000,16362
980101520,SayHello,10000,16393
980195432,SayHello,10000,16361
980232488,SayHello,10000,16352
980262724,SayHello,10000,16424
980372682,SayHello,10000,16364
980421609,SayHello,10000,16225
980657115,SayHello,10000,16429
980830669,SayHello,10000,16380
980886878,SayHello,10000,16278
980989045,SayHello,10000,16360
981020253,SayHello,10000,16325
981032496,SayHello,10000,16348
981131724,SayHello,10000,16390
981167499,SayHello,10000,16383
981260394,SayHello,10000,16229
981294252,SayHello,10000,16474
981346402,SayHello,10000,16213
981349155,SayHello,10000,16242
981422982,SayHello,10000,16350
981448495,SayHello,10000,16402
981541399,SayHello,10000,16374
981570006,SayHello,10000,16533
981640950,SayHello,10000,16347
981848006,SayHello,10000,16395
981886160,SayHello,10000,16339
981929664,SayHello,10000,16327
981958516,SayHello,10000,16344
982027744,SayHello,10000,16416
982402794,SayHello,10000,16225
982534025,SayHello,10000,16358
982593361,SayHello,10000,16395
982613704,SayHello,10000,16355
982652407,SayHello,10000,16334
982679334,SayHello,10000,16306
982691459,SayHello,10000,16366
982961349,SayHello,10000,16380
983612100,SayHello,10000,16333
983614583,SayHello,10000,16370
983616268,SayHello,10000,16341
983766087,SayHello,10000,16212
983829414,SayHello,10000,16203
983829695,SayHello,10000,16357
983874710,SayHello,10000,16447
983892753,SayHello,10000,16281
983950388,SayHello,10000,16398
984070612,SayHello,10000,16417
984102490,SayHello,10000,16385
984103090,SayHello,10000,16420
984117486,SayHello,10000,16347
984184202,SayHello,10000,16335
984203845,SayHello,10000,16312
984210256,SayHello,10000,16289
984289918,SayHello,10000,16350
984434581,SayHello,10000,16354
984657496,SayHello,10000,16363
984744754,SayHello,10000,16459
984760263,SayHello,10000,16200
984846258,SayHello,10000,16393
984863683,SayHello,10000,16393
984908293,SayHello,10000,16446
985248408,SayHello,10000,16399
985271005,SayHello,10000,16215
985808460,SayHello,10000,16557
985812795,SayHello,10000,16395
985825045,SayHello,10000,16401
985853193,SayHello,10000,16393
985955866,SayHello,10000,16356
985964969,SayHello,10000,16420
986081511,SayHello,10000,16325
986205138,SayHello,10000,16330
986264790,SayHello,10000,16325
986416632,SayHello,10000,16383
986513731,SayHello,10000,16569
986570392,SayHello,10000,16368
986727714,SayHello,10000,16419
986728862,SayHello,10000,16327
986760405,SayHello,10000,16334
986782495,SayHello,10000,16210
986820997,SayHello,10000,16395
986991830,SayHello,10000,16395
986994846,SayHello,10000,16430
987144349,SayHello,10000,16329
987260710,SayHello,10000,16425
987273626,SayHello,10000,16346
987294611,SayHello,10000,16301
987351192,SayHello,10000,16410
987634664,SayHello,10000,16524
987650022,SayHello,10000,16418
987793171,SayHello,10000,16225
987806711,SayHello,10000,16228
987925117,SayHello,10000,16386
988007267,SayHello,10000,16418
988032067,SayHello,10000,16326
988115178,SayHello,10000,16392
988239127,SayHello,10000,16422
988441921,SayHello,10000,16348
988458443,SayHello,10000,16200
988493752,SayHello,10000,16426
988638380,SayHello,10000,16351
988649647,SayHello,10000,16363
988693066,SayHello,10000,16332
988782744,SayHello,10000,16201
988800134,SayHello,10000,16336
988837331,SayHello,10000,16403
988930613,SayHello,10000,16420
989090340,SayHello,10000,16358
989186228,SayHello,10000,16220
989253225,SayHello,10000,16218
989258416,SayHello,10000,16332
989360945,SayHello,10000,16221
989414778,SayHello,10000,16396
989507473,SayHello,10000,16425
989558754,SayHello,10000,16290
989601927,SayHello,10000,16240
989622396,SayHello,10000,16296
989968299,SayHello,10000,16394
990080271,SayHello,10000,16436
990148545,SayHello,10000,16441
990307972,SayHello,10000,16362
990522044,SayHello,10000,16417
990571509,SayHello,10000,16349
990908738,SayHello,10000,16309
990974100,SayHello,10000,16401
991005405,SayHello,10000,16393
991075787,SayHello,10000,16338
991154516,SayHello,10000,16375
991170584,SayHello,10000,16328
991316738,SayHello,10000,16389
991430656,SayHello,10000,16322
991523782,SayHello,10000,16394
991612339,SayHello,10000,16385
991727856,SayHello,10000,16270
991854973,SayHello,10000,16930
991942268,SayHello,10000,16325
991960786,SayHello,10000,16468
991970499,SayHello,10000,16357
992056250,SayHello,10000,16370
992057075,SayHello,10000,16234
992159343,SayHello,10000,16379
992290828,SayHello,10000,16353
992319532,SayHello,10000,16381
992384575,SayHello,10000,16327
992464683,SayHello,10000,16233
992500975,SayHello,10000,16325
992505249,SayHello,10000,16400
992523638,SayHello,10000,16337
992573871,SayHello,10000,16341
992646758,SayHello,10000,16326
992724236,SayHello,10000,16359
992781577,SayHello,10000,16327
992832289,SayHello,10000,16353
992834933,SayHello,10000,16356
992950420,SayHello,10000,16421
992958369,SayHello,10000,16347
992985200,SayHello,10000,16603
993005955,SayHello,10000,16341
993161129,SayHello,10000,16335
993223196,SayHello,10000,16368
993277405,SayHello,10000,16337
993278752,SayHello,10000,16429
993297315,SayHello,10000,16323
993451318,SayHello,10000,16381
993563632,SayHello,10000,16390
993609007,SayHello,10000,16369
993655708,SayHello,10000,16323
993675355,SayHello,10000,16329
993706582,SayHello,10000,16393
993715058,SayHello,10000,16363
993928505,SayHello,10000,16396
993976228,SayHello,10000,16334
993990195,SayHello,10000,16362
994304644,SayHello,10000,16355
994556440,SayHello,10000,16364
994637452,SayHello,10000,16333
994665531,SayHello,10000,16408
994717550,SayHello,10000,16350
994745263,SayHello,10000,16222
994828131,SayHello,10000,16370
994892510,SayHello,10000,16329
994983975,SayHello,10000,16221
994998058,SayHello,10000,16361
995010302,SayHello,10000,16370
995168514,SayHello,10000,16207
995283106,SayHello,10000,16375
995288949,SayHello,10000,16375
995307604,SayHello,10000,16410
995379704,SayHello,10000,16342
995419737,SayHello,10000,16337
995486191,SayHello,10000,16392
995520813,SayHello,10000,16300
995561511,SayHello,10000,16489
995585336,SayHello,10000,16352
995686093,SayHello,10000,16377
995999607,SayHello,10000,16340
996004244,SayHello,10000,16358
996062659,SayHello,10000,16358
996110315,SayHello,10000,16529
996176756,SayHello,10000,16398
996186415,SayHello,10000,16220
996202045,SayHello,10000,16373
996215208,SayHello,10000,16351
996260529,SayHello,10000,16383
996410911,SayHello,10000,16332
996433000,SayHello,10000,16414
996454828,SayHello,10000,16721
996472502,SayHello,10000,16392
996491184,SayHello,10000,16244
996723766,SayHello,10000,16229
996763787,SayHello,10000,16305
996783086,SayHello,10000,16704
996804556,SayHello,10000,16421
996810944,SayHello,10000,16199
996839208,SayHello,10000,16423
996839675,SayHello,10000,16393
997093839,SayHello,10000,16396
997188075,SayHello,10000,16385
997417313,SayHello,10000,16447
997433812,SayHello,10000,16210
997622878,SayHello,10000,16329
997675109,SayHello,10000,16442
997822539,SayHello,10000,16361
997836020,SayHello,10000,16322
997922076,SayHello,10000,16370
997943129,SayHello,10000,16198
998193358,SayHello,10000,16358
998231575,SayHello,10000,16336
998428554,SayHello,10000,16400
998452825,SayHello,10000,16385
998481718,SayHello,10000,16326
998540157,SayHello,10000,16419
998588413,SayHello,10000,16419
998594669,SayHello,10000,16416
998839859,SayHello,10000,16343
998890454,SayHello,10000,16427
999011858,SayHello,10000,16335
999113891,SayHello,10000,16333
999123796,SayHello,10000,16269
999206575,SayHello,10000,16223
999267863,SayHello,10000,16387
999276079,SayHello,10000,16402
999342572,SayHello,10000,16405
999468311,SayHello,10000,16343
999486412,SayHello,10000,16367
999574805,SayHello,10000,16418
999587667,SayHello,10000,16360
999856692,SayHello,10000,16332
999876449,SayHello,10000,16281
